LS: [460.29052939481386]
MCD: [0.0009360426134205016]
Huber: [0.0010130478050954792]
Cauchy: [0.0009727635274793228]