cauchy_Mod_n = 500_nCycle = 100_h = 350_params = 0.01_0.05_1_1
LS: [882.5437228997107]
MCD: [0.015421450588441117]
MCD_Modified: [0.04481044691554334]
Huber: [0.023954147324798124]
Cauchy: [0.02110090287322435]

882.54372	0.01542	0.04481	0.02395	0.0211