cauchy_Mod_n = 500_nCycle = 100_h = 300_params = 0.01_0.05_1_1
LS: [43.223163229463836]
MCD: [0.010124894801711944]
MCD_Modified: [0.03906331861643714]
Huber: [0.030559590252211305]
Cauchy: [0.024760063153554734]

43.22316	0.01012	0.03906	0.03056	0.02476