cauchy_Mod_n = 500_nCycle = 100_h = 300_params = 0.01_0.25_1_1
LS: [79.18940620033135]
MCD: [0.031577478661685504]
MCD_Modified: [0.0697233001725227]
Huber: [0.040619952922921206]
Cauchy: [0.035155659175569745]

79.18941	0.03158	0.06972	0.04062	0.03516