cauchy_Mod_n = 500_nCycle = 100_h = 450_params = 0.01_0.05_1_1
LS: [68.04470076084053]
MCD: [0.032347474583203216]
MCD_Modified: [0.07485012913038912]
Huber: [0.022110076978445713]
Cauchy: [0.01903157733501785]

68.0447	0.03235	0.07485	0.02211	0.01903