cauchy_Mod_n = 500_nCycle = 100_h = 252_params = 0.01_0.05_1_1
LS: [514073.0858238981]
MCD: [0.006420772561621554]
MCD_Modified: [0.061536706405862694]
Huber: [0.032670308495857954]
Cauchy: [0.025930293577289088]

514073.08582	0.00642	0.06154	0.03267	0.02593