cauchy_Mod_n = 500_nCycle = 100_h = 350_params = 0.01_0.25_1_1
LS: [592.3246693825205]
MCD: [0.024920989580130778]
MCD_Modified: [0.0692730415442739]
Huber: [0.02813753236589432]
Cauchy: [0.02526616566523854]

592.32467	0.02492	0.06927	0.02814	0.02527