cauchy_Mod_n = 500_nCycle = 100_h = 252_params = 0.01_0.25_1_1
LS: [1435.09715353426]
MCD: [0.023409995634562687]
MCD_Modified: [0.07979954938612432]
Huber: [0.05535531241987559]
Cauchy: [0.046962746508568444]

1435.09715	0.02341	0.0798	0.05536	0.04696