cauchy_Mod_n = 500_nCycle = 100_h = 400_params = 0.01_0.05_1_1
LS: [586.8564414191919]
MCD: [0.01648133852556512]
MCD_Modified: [0.04411767238450752]
Huber: [0.024177887123090044]
Cauchy: [0.01788000292038756]

586.85644	0.01648	0.04412	0.02418	0.01788