cauchyModel_n = 300_nCycle = 500_outlier = 0.1_params = 0.0_0.25_0.0_0.5
LS: [45.066506596859426]
MCD: [0.0007762317684436912]
Huber: [0.0008065989798630656]
Cauchy: [0.000798792271929269]