cauchyModel_n = 450_nCycle = 500_outlier = 0.1_params = 0.0_0.25_0.0_0.5
LS: [13.17847670654029]
MCD: [0.0005430770631313077]
Huber: [0.0005735887530169876]
Cauchy: [0.0005802240709052178]