cauchyModel_n = 250_nCycle = 500_outlier = 0.1_params = 0.0_0.25_0.0_0.5
LS: [12.00264415664198]
MCD: [0.0008858114177986797]
Huber: [0.0009933727479275638]
Cauchy: [0.000935683729600156]