normalModel_n = 400_nCycle = 100_outlier = 0.1_params = 0.0_0.01_0.0_0.25
LS: [0.000469827489761886]
MCD: [0.0005914711192704299]
Huber: [0.0003780892250465608]
Cauchy: [0.0003688762158470553]