normalModel_n = 500_nCycle = 100_outlier = 0.2_params = 0.01_0.1_3_5
LS: [0.008347179490798457]
MCD: [0.0007101702721349948]
Huber: [0.0006750912306678542]
Cauchy: [0.0006717939311323201]