normalModel_n = 500_nCycle = 100_outlier = 0.15000000000000002_params = 0.01_0.1_3_5
LS: [0.006615288083546651]
MCD: [0.0005174944312382585]
Huber: [0.0006358610499503373]
Cauchy: [0.0006430146016877811]