normalModel_n = 500_nCycle = 100_outlier = 0.0_params = 0.1_0.5_5.0_7.0
LS: [0.00034236356341968454]
MCD: [0.00034236356341967917]
Huber: [0.00035571178430947314]
Cauchy: [0.00035912959898765155]