normalModel_n = 500_nCycle = 100_outlier = 0.2_params = 0.01_0.1_1_2
LS: [0.004071065034282313]
MCD: [0.0006887601922552815]
Huber: [0.0005878770667423507]
Cauchy: [0.0005679428836211672]