normalModel_n = 500_nCycle = 100_outlier = 0.0_params = 0.01_0.1_1_2
LS: [0.0003240071410648626]
MCD: [0.000324007141064827]
Huber: [0.00031424629360493687]
Cauchy: [0.0003155806395584187]