normalModel_n = 450_nCycle = 100_outlier = 0.1_params = 0.0_0.25_0.0_5.0
LS: [0.003900369827102929]
MCD: [0.0005061021001662852]
Huber: [0.0005074007581248918]
Cauchy: [0.0005115444156783827]