normalModel_n = 500_nCycle = 100_outlier = 0.1_params = 0.0_0.25_0.0_5.0
LS: [0.0039222756505467695]
MCD: [0.0005450076982487798]
Huber: [0.0005423761270320488]
Cauchy: [0.0005440573832203039]