normalModel_n = 500_nCycle = 100_outlier = 0.1_params = 0.01_0.1_3_5
LS: [0.005988308595583295]
MCD: [0.00043343191488930095]
Huber: [0.00047709789928556117]
Cauchy: [0.0004895731649092276]