normalModel_n = 450_nCycle = 100_outlier = 0.1_params = 0.0_0.01_0.0_0.25
LS: [0.00047812924529637874]
MCD: [0.0005259819082013112]
Huber: [0.00035533926852959947]
Cauchy: [0.0003497850412207475]