normalModel_n = 500_nCycle = 100_outlier = 0.15000000000000002_params = 0.1_0.25_2_3
LS: [0.006652775792313611]
MCD: [0.0005224768696314615]
Huber: [0.0007151046800220405]
Cauchy: [0.0006849196071107969]