normalModel_n = 300_nCycle = 100_outlier = 0.1_params = 0.0_0.01_0.0_0.25
LS: [0.000684540959286176]
MCD: [0.0008233942754655836]
Huber: [0.0005412413016477957]
Cauchy: [0.0005311996788630581]