normalModel_n = 500_nCycle = 100_outlier = 0.1_params = 0.1_0.5_5.0_7.0
LS: [0.008766496580747652]
MCD: [0.0004015794423288041]
Huber: [0.00048582033855627273]
Cauchy: [0.0004844533070848108]