normalModel_n = 500_nCycle = 100_outlier = 0.1_params = 0.0_0.01_0.0_0.25
LS: [0.00040808850477258655]
MCD: [0.0004811538371951793]
Huber: [0.000296059760838043]
Cauchy: [0.00028913031233897854]