normalModel_n = 500_nCycle = 100_outlier = 0.25_params = 0.01_0.1_3_5
LS: [0.011226743848149683]
MCD: [0.0009024000666776173]
Huber: [0.0008005037372479285]
Cauchy: [0.0007456238965279281]