normalModel_n = 250_nCycle = 100_outlier = 0.1_params = 0.0_0.25_0.0_5.0
LS: [0.0067305850151064385]
MCD: [0.0008500626440904013]
Huber: [0.0008261947240264576]
Cauchy: [0.0008141954872685319]