normalModel_n = 350_nCycle = 100_outlier = 0.1_params = 0.0_0.25_0.0_5.0
LS: [0.003917035251344009]
MCD: [0.0007544121647130696]
Huber: [0.0007069838080896104]
Cauchy: [0.000708316577449435]