normalModel_n = 500_nCycle = 100_outlier = 0.2_params = 0.1_0.25_2_3
LS: [0.0066092369352956796]
MCD: [0.0007224370276347922]
Huber: [0.0008619612771015228]
Cauchy: [0.000842104914764297]