normalModel_n = 350_nCycle = 100_outlier = 0.1_params = 0.0_0.01_0.0_0.25
LS: [0.0006762879223967703]
MCD: [0.0006701506570873934]
Huber: [0.0005188729655964527]
Cauchy: [0.0005067579194299766]