normalModel_n = 500_nCycle = 100_outlier = 0.2_params = 0.1_0.5_5.0_7.0
LS: [0.014773799090285573]
MCD: [0.0005849469914564441]
Huber: [0.000927253869775903]
Cauchy: [0.0008674467047855871]