normalModel_n = 500_nCycle = 100_outlier = 0.1_params = 0.1_0.25_2_3
LS: [0.0037449231244663693]
MCD: [0.00047197103301133055]
Huber: [0.0005511052068906089]
Cauchy: [0.0005536744444489166]