normalModel_n = 250_nCycle = 100_outlier = 0.1_params = 0.0_0.01_0.0_0.25
LS: [0.0008575410266486425]
MCD: [0.0009629358059435758]
Huber: [0.0006690808761754411]
Cauchy: [0.0006563575444251002]