normalModel_n = 500_nCycle = 100_outlier = 0.05_params = 0.01_0.1_3_5
LS: [0.0024266078339776178]
MCD: [0.00036584441643925373]
Huber: [0.0003693991727438927]
Cauchy: [0.00037893583864366087]