normalModel_n = 300_nCycle = 100_outlier = 0.1_params = 0.0_0.25_0.0_5.0
LS: [0.005551162486140015]
MCD: [0.0006996770734873276]
Huber: [0.0007398381215660485]
Cauchy: [0.0007259111100514404]