normalModel_n = 500_nCycle = 100_outlier = 0.25_params = 0.1_0.25_2_3
LS: [0.00858627354728131]
MCD: [0.000680400959101947]
Huber: [0.0010532748079897026]
Cauchy: [0.0009902435444884158]