normalModel_n = 400_nCycle = 100_outlier = 0.1_params = 0.0_0.25_0.0_5.0
LS: [0.0038915218214556034]
MCD: [0.0005922541560707312]
Huber: [0.00047422115890736463]
Cauchy: [0.0004724762411855657]