normalModel_n = 500_nCycle = 100_outlier = 0.05_params = 0.1_0.25_2_3
LS: [0.0016805426428411745]
MCD: [0.0004078882612661004]
Huber: [0.0003974632502839482]
Cauchy: [0.00039683317580593]