cauchyModel_n = 500_nCycle = 500_outlier = 0.1_params = 0.0_0.25_0.0_1.0
LS: [47.64275194869798]
MCD: [0.0004949836605226056]
Huber: [0.0004844945186648733]
Cauchy: [0.0004965053013915925]