cauchyModel_n = 500_nCycle = 500_outlier = 0.1_params = 0.0_0.01_0.0_0.5
LS: [70.00085256274693]
MCD: [0.0004812061764292711]
Huber: [0.0004348967818735454]
Cauchy: [0.0004497399680774644]