cauchyModel_n = 300_nCycle = 500_outlier = 0.1_params = 0.0_0.01_0.0_0.5
LS: [5.3320158716660435]
MCD: [0.0007497121797489463]
Huber: [0.0006947530822476445]
Cauchy: [0.0006828857248531441]