cauchyModel_n = 450_nCycle = 500_outlier = 0.1_params = 0.0_0.01_0.0_0.5
LS: [6.4413489826425065]
MCD: [0.0005332462571723536]
Huber: [0.0004901660759254508]
Cauchy: [0.0005077372363681019]