cauchyModel_n = 400_nCycle = 500_outlier = 0.1_params = 0.0_0.01_0.0_0.5
LS: [4.079757619305318]
MCD: [0.0006025170275319771]
Huber: [0.0005689230633298495]
Cauchy: [0.0005913731146641509]