cauchyModel_n = 250_nCycle = 500_outlier = 0.1_params = 0.0_0.01_0.0_0.5
LS: [1218.623553140503]
MCD: [0.0009832077769851553]
Huber: [0.0008356365923838701]
Cauchy: [0.0008217956841599215]