cauchyModel_n = 350_nCycle = 500_outlier = 0.1_params = 0.0_0.01_0.0_0.5
LS: [244.50231125839338]
MCD: [0.0006870649572736869]
Huber: [0.0006177128911975863]
Cauchy: [0.0006235238459885617]