LS: [20.168138865131628]
MCD: [0.0007583315640785057]
Huber: [0.0008466807488093224]
Cauchy: [0.0008337208431048169]