LS: [19.64851570856838]
MCD: [0.0004901960551338784]
Huber: [0.0005653566845242546]
Cauchy: [0.0005843778683882578]