LS: [12.356424379184062]
MCD: [0.0006556509655327975]
Huber: [0.0007506755730653713]
Cauchy: [0.0007503059695462298]