LS: [43.71378822623016]
MCD: [0.0005881713906204777]
Huber: [0.0006503820647060923]
Cauchy: [0.0006434244682351058]