cauchyModel_n = 500_nCycle = 100_outlier = 0.2_params = 0.25_0.5_1_1
LS: [915.5025831833163]
MCD: [0.0005481013375013402]
Huber: [0.0007950062425988368]
Cauchy: [0.0007269730908802631]