cauchyModel_n = 500_nCycle = 100_outlier = 0.2_params = 0.5_0.1_1_1
LS: [6.346206684806475]
MCD: [0.000527792756283478]
Huber: [0.0006448912362215097]
Cauchy: [0.0006664237359391422]