cauchyModel_n = 500_nCycle = 100_outlier = 0.25_params = 0.01_0.1_1_1
LS: [63.48053168614372]
MCD: [0.0009975621103681623]
Huber: [0.0007662946359081246]
Cauchy: [0.0007221818751951003]