cauchyModel_n = 500_nCycle = 100_outlier = 0.05_params = 0.01_0.1_1_1
LS: [0.36067390182386755]
MCD: [0.00045368577628098763]
Huber: [0.0005080181110711442]
Cauchy: [0.0005264460446317204]