cauchyModel_n = 500_nCycle = 100_outlier = 0.1_params = 0.5_0.1_1_1
LS: [0.7905054577326633]
MCD: [0.0004297528942421622]
Huber: [0.00043209641110736286]
Cauchy: [0.0004331868151790047]