cauchyModel_n = 500_nCycle = 100_outlier = 0.0_params = 0.01_0.1_1_1
LS: [0.00024024352119482423]
MCD: [0.00024024352119484516]
Huber: [0.0002432781912893007]
Cauchy: [0.00024491801902394117]