cauchyModel_n = 500_nCycle = 100_outlier = 0.1_params = 0.1_0.25_1_1
LS: [44.43707182028809]
MCD: [0.0005477001337735699]
Huber: [0.0005910969133446266]
Cauchy: [0.000641081289978505]