cauchyModel_n = 500_nCycle = 100_outlier = 0.25_params = 0.25_0.5_1_1
LS: [3.7079827417064415]
MCD: [0.000709179426797385]
Huber: [0.000966874298612995]
Cauchy: [0.0009194267029738184]