cauchyModel_n = 500_nCycle = 100_outlier = 0.15000000000000002_params = 0.01_0.1_1_1
LS: [1.6967395404216956]
MCD: [0.0005485221477414399]
Huber: [0.0006301071257995054]
Cauchy: [0.0006288293788221982]