cauchyModel_n = 500_nCycle = 100_outlier = 0.25_params = 0.1_0.25_1_1
LS: [12.501839430151035]
MCD: [0.0008839144892231957]
Huber: [0.0009358168788278393]
Cauchy: [0.0008610914539082438]