cauchyModel_n = 500_nCycle = 100_outlier = 0.15000000000000002_params = 0.5_0.1_1_1
LS: [6.073578587284702]
MCD: [0.0005834549745101102]
Huber: [0.0007488939750622992]
Cauchy: [0.0007328289532710191]