exponentModel_n = 500_nCycle = 100_outlier = 0.1_params = 0.01_0.1_2_5
LS: [0.041570520123078956]
MCD: [0.00048753560180092955]
Huber: [0.0010760543938574051]
Cauchy: [0.0007648642625226097]