exponentModel_n = 500_nCycle = 100_outlier = 0.2_params = 0.1_0.25_1_2
LS: [0.07164875343109722]
MCD: [0.0008225499144089318]
Huber: [0.004153265308075711]
Cauchy: [0.00272907699192502]