exponentModel_n = 500_nCycle = 100_outlier = 0.25_params = 0.01_0.1_2_5
LS: [0.2272155616889126]
MCD: [0.0009307942918514362]
Huber: [0.009654555527800684]
Cauchy: [0.0051354940588854495]