LS: [0.0015569421278186963]
MCD: [0.0002955186277123086]
Huber: [0.00022221937668146112]
Cauchy: [0.0002373729463704551]