exponentModel_n = 500_nCycle = 100_outlier = 0.2_params = 0.01_0.1_0.5_1
LS: [0.03325664735765644]
MCD: [0.0007712517875843647]
Huber: [0.00426009109725576]
Cauchy: [0.003442894160116943]