exponentModel_n = 500_nCycle = 100_outlier = 0.15000000000000002_params = 0.01_0.1_0.5_1
LS: [0.021093081991427544]
MCD: [0.0006768262378150388]
Huber: [0.002585071579741942]
Cauchy: [0.0022257368992809738]