exponentModel_n = 500_nCycle = 100_outlier = 0.05_params = 0.1_0.25_1_2
LS: [0.005902608751165283]
MCD: [0.0004438996269756443]
Huber: [0.0006389210597596349]
Cauchy: [0.0006280219063408644]