exponentModel_n = 500_nCycle = 100_outlier = 0.05_params = 0.01_0.1_2_5
LS: [0.012449813432103971]
MCD: [0.0004023918303651774]
Huber: [0.000625607986667589]
Cauchy: [0.0006254884743983208]