exponentModel_n = 500_nCycle = 100_outlier = 0.15000000000000002_params = 0.1_0.25_1_2
LS: [0.03595107365423896]
MCD: [0.0005726283576166511]
Huber: [0.0021359846684321907]
Cauchy: [0.0015205255698076709]