exponentModel_n = 500_nCycle = 100_outlier = 0.1_params = 0.1_0.25_1_2
LS: [0.020603768204145983]
MCD: [0.0005385204982334987]
Huber: [0.0013037186886068614]
Cauchy: [0.0011080007799773859]