normal_Mod_n = 500_nCycle = 50_h = 300_params = 0.01_0.5_5.0_7.0
LS: [0.19360946132371393]
MCD: [0.07800456785969526]
MCD_Modified: [0.3614089309238544]
Huber: [0.1308207043011899]
Cauchy: [0.12750660949287815]

0.19361	0.078	0.36141	0.13082	0.12751