normal_Mod_n = 500_nCycle = 100_h = 350_params = 0.1_0.25_2_3
LS: [0.03637611532131027]
MCD: [0.06156721405473958]
MCD_Modified: [0.1197687547747891]
Huber: [0.031229125985815197]
Cauchy: [0.031253206045133805]