normal_Mod_n = 500_nCycle = 50_h = 252_params = 0.1_0.25_2_3
LS: [0.07276211218988232]
MCD: [0.03168164126968466]
MCD_Modified: [0.23615057946669257]
Huber: [0.057893164295945196]
Cauchy: [0.057569807456822844]

0.07276	0.03168	0.23615	0.05789	0.05757