normal_Mod_n = 500_nCycle = 1_h = 252_params = 0.01_0.05_5.0_7.0
LS: [0.007694802408278393]
MCD: [0.005664956682971644]
MCD_Modified: [0.16878638515792482]
Huber: [0.009362342329899872]
Cauchy: [0.010017200411807875]