normal_Mod_n = 500_nCycle = 50_h = 500_params = 0.1_0.25_2_3
LS: [0.031069441677666166]
MCD: [0.031069441677666138]
MCD_Modified: [0.031069441677666138]
Huber: [0.025626496566562622]
Cauchy: [0.025681451762159725]