normal_Mod_n = 500_nCycle = 50_h = 450_params = 0.01_0.1_3_5
LS: [0.05317135928786802]
MCD: [0.05361452770492438]
MCD_Modified: [0.07079118713135757]
Huber: [0.030294384323489937]
Cauchy: [0.029574619543193324]