normal_Mod_n = 500_nCycle = 50_h = 400_params = 0.1_0.25_2_3
LS: [0.04572264821974589]
MCD: [0.04857781619483444]
MCD_Modified: [0.06440706898257519]
Huber: [0.03449851032521354]
Cauchy: [0.034412624218525305]

0.04572	0.04858	0.06441	0.0345	0.03441