normal_Mod_n = 500_nCycle = 50_h = 350_params = 0.01_0.5_5.0_7.0
LS: [0.09690055300936208]
MCD: [0.13074398574643445]
MCD_Modified: [0.33772179515859535]
Huber: [0.08448573777091362]
Cauchy: [0.08400223088618866]

0.0969	0.13074	0.33772	0.08449	0.084