normal_Mod_n = 500_nCycle = 100_h = 300_params = 0.1_0.5_5.0_7.0
LS: [0.08911268837945645]
MCD: [0.10232930840575366]
MCD_Modified: [0.37155618785236577]
Huber: [0.06918946178972556]
Cauchy: [0.06885712489916952]