normal_Mod_n = 500_nCycle = 100_h = 400_params = 0.1_0.5_5.0_7.0
LS: [0.09516891848159942]
MCD: [0.13284431207071326]
MCD_Modified: [0.17672444266021667]
Huber: [0.06634740217610172]
Cauchy: [0.06460969313936075]