normal_Mod_n = 500_nCycle = 50_h = 500_params = 0.01_0.1_3_5
LS: [0.053176997686147934]
MCD: [0.05317699768614759]
MCD_Modified: [0.05317699768614759]
Huber: [0.031396188819239376]
Cauchy: [0.030257135876868166]