normal_Mod_n = 500_nCycle = 50_h = 400_params = 0.01_0.5_5.0_7.0
LS: [0.10189737946892834]
MCD: [0.1018262228271178]
MCD_Modified: [0.12096099993253077]
Huber: [0.06468885879006532]
Cauchy: [0.060684563146303494]

0.1019	0.10183	0.12096	0.06469	0.06068