normal_Mod_n = 500_nCycle = 100_h = 350_params = 0.01_0.05_5.0_7.0
LS: [0.07996913500938928]
MCD: [0.06722596650889769]
MCD_Modified: [0.16706059007830024]
Huber: [0.03839296736871574]
Cauchy: [0.03573849834773853]