normal_Mod_n = 500_nCycle = 100_h = 500_params = 0.1_0.25_2_3
LS: [0.02905562752230953]
MCD: [0.029055627522309516]
MCD_Modified: [0.029055627522309516]
Huber: [0.024051198254525095]
Cauchy: [0.023557844481165185]