normal_Mod_n = 500_nCycle = 50_h = 300_params = 0.01_0.1_3_5
LS: [0.100743263796655]
MCD: [0.021697017930701158]
MCD_Modified: [0.15423981900654946]
Huber: [0.05317027173169863]
Cauchy: [0.04996626853114235]

0.10074	0.0217	0.15424	0.05317	0.04997