normal_Mod_n = 500_nCycle = 50_h = 450_params = 0.01_0.1_3_5
LS: [0.05216825539995505]
MCD: [0.062370551141770515]
MCD_Modified: [0.07498585740241222]
Huber: [0.03655337428187453]
Cauchy: [0.035958820648967896]

0.05217	0.06237	0.07499	0.03655	0.03596