normal_Mod_n = 500_nCycle = 100_h = 425_params = 0.01_0.1_3_5
LS: [0.05672036230239112]
MCD: [0.06926441288864729]
MCD_Modified: [0.09209469940637183]
Huber: [0.03211283835788192]
Cauchy: [0.030646067828827336]