normal_Mod_n = 500_nCycle = 100_h = 475_params = 0.01_0.1_3_5
LS: [0.048529566565148737]
MCD: [0.05774301135795825]
MCD_Modified: [0.06025329077368753]
Huber: [0.030210960171352698]
Cauchy: [0.02960705024667447]