normal_Mod_n = 500_nCycle = 50_h = 252_params = 0.01_0.1_3_5
LS: [0.09468607135322038]
MCD: [0.009498990811286469]
MCD_Modified: [0.3155509051422276]
Huber: [0.048527576853996314]
Cauchy: [0.047972879620060596]