normal_Mod_n = 500_nCycle = 50_h = 450_params = 0.1_0.25_2_3
LS: [0.035099667169273346]
MCD: [0.04593517258598381]
MCD_Modified: [0.05292729117319956]
Huber: [0.028252748229571256]
Cauchy: [0.028073781505107788]