normal_Mod_n = 500_nCycle = 100_h = 400_params = 0.01_0.05_5.0_7.0
LS: [0.076367491277206]
MCD: [0.08805533089585339]
MCD_Modified: [0.11929945649930422]
Huber: [0.03307588128682792]
Cauchy: [0.03033469112731348]