normal_Mod_n = 500_nCycle = 100_h = 375_params = 0.01_0.1_3_5
LS: [0.04358873445153451]
MCD: [0.06582123047955282]
MCD_Modified: [0.10382250193709462]
Huber: [0.02714384448868234]
Cauchy: [0.02641830105480934]