normal_Mod_n = 500_nCycle = 100_h = 275_params = 0.01_0.1_3_5
LS: [0.049594626553588664]
MCD: [0.016047497643102503]
MCD_Modified: [0.22003551751952258]
Huber: [0.03251878392071519]
Cauchy: [0.03139674170574898]