normal_Mod_n = 500_nCycle = 50_h = 252_params = 0.01_0.5_5.0_7.0
LS: [0.19716977440403483]
MCD: [0.04855873999976597]
MCD_Modified: [0.477421279329798]
Huber: [0.13714719344349066]
Cauchy: [0.13321838647942041]

0.19717	0.04856	0.47742	0.13715	0.13322