normal_Mod_n = 500_nCycle = 50_h = 350_params = 0.1_0.25_2_3
LS: [0.05069272390842338]
MCD: [0.05651493361259141]
MCD_Modified: [0.10402121550235116]
Huber: [0.03882293316687042]
Cauchy: [0.03840237931253025]

0.05069	0.05651	0.10402	0.03882	0.0384