normal_Mod_n = 500_nCycle = 50_h = 252_params = 0.01_0.1_3_5
LS: [0.09751282404613462]
MCD: [0.010565007828173092]
MCD_Modified: [0.0303426765784204]
Huber: [0.06153824842858625]
Cauchy: [0.059258824289712415]

0.09751	0.01057	0.03034	0.06154	0.05926