normal_Mod_n = 500_nCycle = 100_h = 300_params = 0.01_0.1_3_5
LS: [0.04287611431461921]
MCD: [0.03062052880156358]
MCD_Modified: [0.22178787564400831]
Huber: [0.02925385123181095]
Cauchy: [0.028984004363560065]