normal_Mod_n = 500_nCycle = 100_h = 250_params = 0.1_0.5_5.0_7.0
LS: [0.08035810441906907]
MCD: [0.06397376795461948]
MCD_Modified: [0.5703438518710915]
Huber: [0.06281620475147073]
Cauchy: [0.061452250057801326]