normal_Mod_n = 500_nCycle = 100_h = 500_params = 0.01_0.05_5.0_7.0
LS: [0.07634224120094267]
MCD: [0.0763422412009426]
MCD_Modified: [0.0763422412009426]
Huber: [0.035026564732464134]
Cauchy: [0.03307670659941636]