normal_Mod_n = 500_nCycle = 50_h = 400_params = 0.01_0.1_3_5
LS: [0.05302584302122086]
MCD: [0.0722004042866695]
MCD_Modified: [0.11988816229201255]
Huber: [0.031153298818112626]
Cauchy: [0.02948047079902015]

0.05303	0.0722	0.11989	0.03115	0.02948