normal_Mod_n = 500_nCycle = 100_h = 325_params = 0.01_0.1_3_5
LS: [0.05322035082080909]
MCD: [0.046557661694229854]
MCD_Modified: [0.15232011791112102]
Huber: [0.030791423285951258]
Cauchy: [0.02960006168241559]