normal_Mod_n = 500_nCycle = 100_h = 300_params = 0.01_0.05_5.0_7.0
LS: [0.07056020412320942]
MCD: [0.029198375136964265]
MCD_Modified: [0.27369590919030445]
Huber: [0.03124580088564074]
Cauchy: [0.030889251767450044]