normal_Mod_n = 500_nCycle = 100_h = 500_params = 0.01_0.1_3_5
LS: [0.04866710419082246]
MCD: [0.048667104190822735]
MCD_Modified: [0.048667104190822735]
Huber: [0.030204649898753676]
Cauchy: [0.02997544361834279]