normal_Mod_n = 500_nCycle = 100_h = 450_params = 0.1_0.25_2_3
LS: [0.03279638085463129]
MCD: [0.04613727452046702]
MCD_Modified: [0.0508090573822541]
Huber: [0.02650325970373646]
Cauchy: [0.02654346203735776]