normal_Mod_n = 500_nCycle = 100_h = 250_params = 0.1_0.25_2_3
LS: [0.031344329282522294]
MCD: [0.0490533530898842]
MCD_Modified: [0.25530106569952193]
Huber: [0.026803822035380644]
Cauchy: [0.026571408884701456]