normal_Mod_n = 500_nCycle = 100_h = 350_params = 0.1_0.5_5.0_7.0
LS: [0.07416130676309245]
MCD: [0.12379432020392446]
MCD_Modified: [0.26860690758980554]
Huber: [0.057238492950341044]
Cauchy: [0.05704388243738327]