normal_Mod_n = 500_nCycle = 100_h = 400_params = 0.01_0.1_3_5
LS: [0.04978669918044775]
MCD: [0.0669703597941908]
MCD_Modified: [0.09156918204515231]
Huber: [0.02751939944055302]
Cauchy: [0.025768677423671563]