normal_Mod_n = 500_nCycle = 50_h = 450_params = 0.01_0.5_5.0_7.0
LS: [0.08636785436343226]
MCD: [0.11785790469810788]
MCD_Modified: [0.15627067217812918]
Huber: [0.06666941018297436]
Cauchy: [0.06615022643718]

0.08637	0.11786	0.15627	0.06667	0.06615