normal_Mod_n = 500_nCycle = 100_h = 250_params = 0.01_0.05_5.0_7.0
LS: [0.08611392787576808]
MCD: [0.004498820596718369]
MCD_Modified: [0.28449725069835136]
Huber: [0.037430797947749096]
Cauchy: [0.033718277051884876]