normal_Mod_n = 500_nCycle = 50_h = 450_params = 0.01_0.05_5.0_7.0
LS: [0.07005724543496158]
MCD: [0.08869503580347173]
MCD_Modified: [0.08815451942864799]
Huber: [0.03448190818744741]
Cauchy: [0.03228415045945983]