normal_Mod_n = 500_nCycle = 100_h = 350_params = 0.01_0.1_3_5
LS: [0.04794249352563708]
MCD: [0.06425528668009763]
MCD_Modified: [0.11955541361268715]
Huber: [0.028169644656216693]
Cauchy: [0.027262404667544406]