normal_Mod_n = 500_nCycle = 100_h = 500_params = 0.1_0.5_5.0_7.0
LS: [0.07232205577103953]
MCD: [0.07232205577103977]
MCD_Modified: [0.07232205577103977]
Huber: [0.06182058847034383]
Cauchy: [0.061755455797407786]