normal_Mod_n = 500_nCycle = 100_h = 450_params = 0.01_0.05_5.0_7.0
LS: [0.08027704888283042]
MCD: [0.10668335846337856]
MCD_Modified: [0.12799977771820928]
Huber: [0.041238863208659146]
Cauchy: [0.03998226552855694]