normal_Mod_n = 500_nCycle = 100_h = 450_params = 0.1_0.5_5.0_7.0
LS: [0.07903088374854769]
MCD: [0.09116079931256019]
MCD_Modified: [0.1220051691540608]
Huber: [0.05566761042498454]
Cauchy: [0.05479755115750783]