normal_Mod_n = 500_nCycle = 1_h = 300_params = 0.01_0.05_5.0_7.0
LS: [0.0255789640022143]
MCD: [0.00454324062111749]
MCD_Modified: [0.12696429258502137]
Huber: [0.028889358025720645]
Cauchy: [0.03016974144458955]