normal_Mod_n = 500_nCycle = 50_h = 400_params = 0.1_0.25_2_3
LS: [0.026999473736213128]
MCD: [0.06290239175726917]
MCD_Modified: [0.08176877983652452]
Huber: [0.027458649750616675]
Cauchy: [0.027119997578397958]