normal_Mod_n = 500_nCycle = 100_h = 250_params = 0.01_0.1_3_5
LS: [0.05093337972745807]
MCD: [0.01273116961138723]
MCD_Modified: [0.28277402720208833]
Huber: [0.035545601034299476]
Cauchy: [0.035213964592193274]