normal_Mod_n = 500_nCycle = 100_h = 300_params = 0.1_0.25_2_3
LS: [0.029838178407369433]
MCD: [0.05069284108657913]
MCD_Modified: [0.15035990200927643]
Huber: [0.024439873635251182]
Cauchy: [0.024212277417052216]