normal_Mod_n = 500_nCycle = 100_h = 450_params = 0.01_0.1_3_5
LS: [0.050824439405169564]
MCD: [0.062225631106943895]
MCD_Modified: [0.06932869693249137]
Huber: [0.03011435226793072]
Cauchy: [0.028648230111944395]