normal_Mod_n = 500_nCycle = 50_h = 300_params = 0.1_0.25_2_3
LS: [0.07190408409935439]
MCD: [0.07362736444152283]
MCD_Modified: [0.21004232195120875]
Huber: [0.05066913931329111]
Cauchy: [0.050378502797690905]