normal_Mod_n = 500_nCycle = 100_h = 400_params = 0.1_0.25_2_3
LS: [0.034512077203985296]
MCD: [0.05755271178232269]
MCD_Modified: [0.07706433115854558]
Huber: [0.027489122552541795]
Cauchy: [0.027336000776767413]