normal_Mod_n = 500_nCycle = 50_h = 500_params = 0.1_0.25_2_3
LS: [0.03232918222991461]
MCD: [0.032329182229914606]
MCD_Modified: [0.032329182229914606]
Huber: [0.02478390256978289]
Cauchy: [0.024475565056004584]

0.03233	0.03233	0.03233	0.02478	0.02448