cauchy_Mod_n = 500_nCycle = 200_h = 450_params = 0.01_0.5_1_1
LS: [2841.3994956633774]
MCD: [0.031394482566988124]
MCD_Modified: [0.07147168666326566]
Huber: [0.0313710250593716]
Cauchy: [0.02599570597257995]

2841.3995	0.03139	0.07147	0.03137	0.026