cauchy_Mod_n = 500_nCycle = 100_h = 450_params = 0.01_0.5_1_1
LS: [155.02429540558035]
MCD: [0.035827924022335936]
MCD_Modified: [0.08034061462383998]
Huber: [0.03386997704564874]
Cauchy: [0.027992817636139828]

155.0243	0.03583	0.08034	0.03387	0.02799