cauchy_Mod_n = 500_nCycle = 300_h = 450_params = 0.01_0.1_1_1
LS: [8408.575446400406]
MCD: [0.027593055320036922]
MCD_Modified: [0.057277702887212394]
Huber: [0.02074742040451173]
Cauchy: [0.016421285335941328]

8408.57545	0.02759	0.05728	0.02075	0.01642