cauchy_Mod_n = 500_nCycle = 50_h = 500_params = 0.1_0.25_1_1
LS: [892.6465121107898]
MCD: [892.6465121107935]
MCD_Modified: [892.6465121107935]
Huber: [0.0209567964400923]
Cauchy: [0.018775189299042296]

892.64651	892.64651	892.64651	0.02096	0.01878