cauchy_Mod_n = 500_nCycle = 100_h = 300_params = 0.01_0.5_1_1
LS: [1456.8891411879458]
MCD: [0.05567151499586776]
MCD_Modified: [0.05371237643309877]
Huber: [0.04850529305590825]
Cauchy: [0.043093636570552096]

1456.88914	0.05567	0.05371	0.04851	0.04309