cauchy_Mod_n = 500_nCycle = 200_h = 400_params = 0.01_0.5_1_1
LS: [13574.415349109557]
MCD: [0.027988094681317705]
MCD_Modified: [0.04035612955881916]
Huber: [0.03878811929482826]
Cauchy: [0.03152526882449594]

13574.41535	0.02799	0.04036	0.03879	0.03153