cauchy_Mod_n = 500_nCycle = 200_h = 300_params = 0.01_0.5_1_1
LS: [13413.37165765451]
MCD: [0.04910827573852251]
MCD_Modified: [0.0471376402010141]
Huber: [0.056827003853508355]
Cauchy: [0.04562494708262368]

13413.37166	0.04911	0.04714	0.05683	0.04562