cauchy_Mod_n = 500_nCycle = 200_h = 252_params = 0.01_0.25_1_1
LS: [98.28293890376081]
MCD: [0.030318930634240085]
MCD_Modified: [0.035804076357451066]
Huber: [0.05040230899858424]
Cauchy: [0.04156325243843417]

98.28294	0.03032	0.0358	0.0504	0.04156