cauchy_Mod_n = 500_nCycle = 100_h = 450_params = 0.1_0.5_1_1
LS: [797.543354526753]
MCD: [0.033596183960849534]
MCD_Modified: [0.07282199370335482]
Huber: [0.03821342317297082]
Cauchy: [0.031337378998748916]

797.54335	0.0336	0.07282	0.03821	0.03134