cauchy_Mod_n = 500_nCycle = 200_h = 450_params = 0.01_0.25_1_1
LS: [46024.955740337515]
MCD: [0.026794215319188838]
MCD_Modified: [0.058675383927850475]
Huber: [0.02490133145528932]
Cauchy: [0.019663356238763665]

46024.95574	0.02679	0.05868	0.0249	0.01966