cauchy_Mod_n = 500_nCycle = 100_h = 300_params = 0.1_0.5_1_1
LS: [16258.836931907428]
MCD: [0.04602145134683957]
MCD_Modified: [0.04379455893725989]
Huber: [0.05424094634557425]
Cauchy: [0.044273777559122054]

16258.83693	0.04602	0.04379	0.05424	0.04427