cauchy_Mod_n = 500_nCycle = 200_h = 252_params = 0.01_0.5_1_1
LS: [80.53890586773758]
MCD: [0.04868710031749888]
MCD_Modified: [0.049464070455889415]
Huber: [0.06062221298066503]
Cauchy: [0.05039803899700402]

80.53891	0.04869	0.04946	0.06062	0.0504