cauchy_Mod_n = 500_nCycle = 300_h = 400_params = 0.01_0.1_1_1
LS: [2340.8490185000815]
MCD: [0.020837872317715896]
MCD_Modified: [0.03661007673815254]
Huber: [0.025670668188946158]
Cauchy: [0.020609664198250034]

2340.84902	0.02084	0.03661	0.02567	0.02061