cauchy_Mod_n = 500_nCycle = 200_h = 500_params = 0.01_0.25_1_1
LS: [296.80291793959384]
MCD: [296.8029179395942]
MCD_Modified: [296.8029179395942]
Huber: [0.026409023852295294]
Cauchy: [0.022562444943495737]

296.80292	296.80292	296.80292	0.02641	0.02256