cauchy_Mod_n = 500_nCycle = 200_h = 300_params = 0.01_0.25_1_1
LS: [2936.245989491572]
MCD: [0.031306646568899955]
MCD_Modified: [0.03309192730189563]
Huber: [0.03899112762119421]
Cauchy: [0.03258446209910262]

2936.24599	0.03131	0.03309	0.03899	0.03258