cauchy_Mod_n = 500_nCycle = 300_h = 300_params = 0.01_0.1_1_1
LS: [313.910789934467]
MCD: [0.016569016524821588]
MCD_Modified: [0.020935385530208975]
Huber: [0.03153713427927704]
Cauchy: [0.025812850726684985]

313.91079	0.01657	0.02094	0.03154	0.02581