cauchy_Mod_n = 500_nCycle = 300_h = 250_params = 0.01_0.1_1_1
LS: [14968.529041283879]
MCD: [0.010929682019501603]
MCD_Modified: [0.01540407016242557]
Huber: [0.03676782071722124]
Cauchy: [0.029101552553342992]

14968.52904	0.01093	0.0154	0.03677	0.0291