cauchy_Mod_n = 500_nCycle = 300_h = 250_params = 0.01_0.01_1_1
LS: [91.22525568470503]
MCD: [0.0017914313169378109]
MCD_Modified: [0.010807869693509163]
Huber: [0.02426579610088456]
Cauchy: [0.01849624899544691]

91.22526	0.00179	0.01081	0.02427	0.0185