cauchy_Mod_n = 500_nCycle = 100_h = 252_params = 0.01_0.5_1_1
LS: [149.61306509848583]
MCD: [0.04466423587426041]
MCD_Modified: [0.046745962555224396]
Huber: [0.06463279352228428]
Cauchy: [0.05297033118569258]

149.61307	0.04466	0.04675	0.06463	0.05297