cauchy_Mod_n = 500_nCycle = 50_h = 252_params = 0.01_0.01_1_1
LS: [65088.83344462727]
MCD: [0.0015953732016286434]
MCD_Modified: [0.01086693213767355]
Huber: [0.026895098791231867]
Cauchy: [0.019562712698387223]

65088.83344	0.0016	0.01087	0.0269	0.01956