cauchy_Mod_n = 500_nCycle = 100_h = 252_params = 0.1_0.5_1_1
LS: [14672.652707936764]
MCD: [0.07339129880568195]
MCD_Modified: [0.061585085180797326]
Huber: [0.0763972471840341]
Cauchy: [0.06425396192243629]

14672.65271	0.07339	0.06159	0.0764	0.06425