cauchy_Mod_n = 500_nCycle = 50_h = 400_params = 0.01_0.01_1_1
LS: [436.0404075090509]
MCD: [0.014203793955213177]
MCD_Modified: [0.030439664991173582]
Huber: [0.016143361243295577]
Cauchy: [0.013170793388512538]

436.04041	0.0142	0.03044	0.01614	0.01317