cauchy_Mod_n = 500_nCycle = 100_h = 400_params = 0.1_0.5_1_1
LS: [129.57923936870452]
MCD: [0.025472664479181995]
MCD_Modified: [0.04756270856488209]
Huber: [0.04679848627668246]
Cauchy: [0.039556202810176515]

129.57924	0.02547	0.04756	0.0468	0.03956