cauchy_Mod_n = 500_nCycle = 300_h = 500_params = 0.01_0.1_1_1
LS: [2546.962922214651]
MCD: [2546.9629222146614]
MCD_Modified: [2546.9629222146614]
Huber: [0.02013586401584706]
Cauchy: [0.01655677591298751]

2546.96292	2546.96292	2546.96292	0.02014	0.01656