cauchy_Mod_n = 500_nCycle = 200_h = 400_params = 0.01_0.25_1_1
LS: [340.2408121700106]
MCD: [0.02433898660508462]
MCD_Modified: [0.03898770395888058]
Huber: [0.025856168880442114]
Cauchy: [0.02221957490501739]

340.24081	0.02434	0.03899	0.02586	0.02222