exponent_Mod_n = 500_nCycle = 50_h = 300_params = 0.01_0.1_0.5_1
LS: [0.7758107733887443]
MCD: [0.07111066123746485]
MCD_Modified: [0.13915307216380024]
Huber: [0.5355672224857195]
Cauchy: [0.5208425885318188]

0.77581	0.07111	0.13915	0.53557	0.52084