exponent_Mod_n = 500_nCycle = 100_h = 450_params = 0.01_0.1_0.5_1
LS: [0.7694354286693722]
MCD: [0.2843470624934043]
MCD_Modified: [0.4662563794046893]
Huber: [0.5284492978602113]
Cauchy: [0.5197641609027521]