exponent_Mod_n = 500_nCycle = 1_h = 400_params = 0.01_0.5_5.0_7.0
LS: [5.523488006451161]
MCD: [1.0412245451530289]
MCD_Modified: [2.518338117368228]
Huber: [3.5667233104839213]
Cauchy: [3.5035988009142263]

5.52349	1.04122	2.51834	3.56672	3.5036