exponent_Mod_n = 500_nCycle = 1_h = 300_params = 0.01_0.5_5.0_7.0
LS: [6.739130270023561]
MCD: [0.25619009372829193]
MCD_Modified: [2.873482642076322]
Huber: [3.7904751842364566]
Cauchy: [3.574777248875194]

6.73913	0.25619	2.87348	3.79048	3.57478