exponent_Mod_n = 500_nCycle = 1_h = 350_params = 0.01_0.5_5.0_7.0
LS: [5.5494218852526185]
MCD: [0.8030796750544983]
MCD_Modified: [1.8800045435531194]
Huber: [3.592136806035833]
Cauchy: [3.414001443257817]

5.54942	0.80308	1.88	3.59214	3.414