exponent_Mod_n = 500_nCycle = 100_h = 300_params = 0.01_0.1_2_5
LS: [3.4804197826309013]
MCD: [0.11097507127939997]
MCD_Modified: [1.0044074400951453]
Huber: [2.012701340279671]
Cauchy: [1.880301103926162]