exponent_Mod_n = 500_nCycle = 100_h = 500_params = 0.01_0.1_0.5_1
LS: [0.7504243477487784]
MCD: [0.7504243477487796]
MCD_Modified: [0.7504243477487796]
Huber: [0.5178644444341076]
Cauchy: [0.5048623623556749]