exponent_Mod_n = 500_nCycle = 100_h = 450_params = 0.1_0.25_1_2
LS: [1.5594671568124345]
MCD: [0.6029091057665908]
MCD_Modified: [0.964247306808412]
Huber: [1.0557510659495188]
Cauchy: [1.0509689141203817]