exponent_Mod_n = 500_nCycle = 100_h = 375_params = 0.01_0.1_2_5
LS: [3.472827936499756]
MCD: [0.3530635926051771]
MCD_Modified: [1.3734664367113745]
Huber: [2.0075717743809096]
Cauchy: [1.8678300056671653]