exponent_Mod_n = 500_nCycle = 50_h = 300_params = 0.01_0.05_5.0_7.0
LS: [6.359040808817065]
MCD: [0.09659855639558385]
MCD_Modified: [1.1534871671432148]
Huber: [3.735524147274232]
Cauchy: [3.3939193112903046]

6.35904	0.0966	1.15349	3.73552	3.39392