exponent_Mod_n = 500_nCycle = 100_h = 500_params = 0.1_0.25_1_2
LS: [1.4799738239650535]
MCD: [1.479973823965051]
MCD_Modified: [1.479973823965051]
Huber: [0.9947296243840341]
Cauchy: [0.9853258915475123]