exponent_Mod_n = 500_nCycle = 100_h = 250_params = 0.01_0.1_0.5_1
LS: [0.7703037227071391]
MCD: [0.04146653765758956]
MCD_Modified: [0.18450997060087448]
Huber: [0.5364482699286918]
Cauchy: [0.5279469578421804]