exponent_Mod_n = 500_nCycle = 50_h = 450_params = 0.01_0.1_0.5_1
LS: [0.7605224786862883]
MCD: [0.28953539174380766]
MCD_Modified: [0.46563325411632805]
Huber: [0.5318121940202595]
Cauchy: [0.5187660822933546]

0.76052	0.28954	0.46563	0.53181	0.51877