exponent_Mod_n = 500_nCycle = 100_h = 275_params = 0.01_0.1_2_5
LS: [3.505277735321844]
MCD: [0.07593375747609964]
MCD_Modified: [0.9193713701794494]
Huber: [2.02812668877428]
Cauchy: [1.8847339703848833]