exponent_Mod_n = 500_nCycle = 10_h = 450_params = 0.01_0.1_2_5
LS: [3.7972285676845337]
MCD: [1.279143721528928]
MCD_Modified: [2.258899758002182]
Huber: [2.12692579858106]
Cauchy: [1.9976792480034509]