exponent_Mod_n = 500_nCycle = 100_h = 350_params = 0.01_0.1_2_5
LS: [3.5617299303105567]
MCD: [0.2519158676743925]
MCD_Modified: [1.2849443075134446]
Huber: [2.05240895127569]
Cauchy: [1.9059791740282856]