exponent_Mod_n = 500_nCycle = 100_h = 400_params = 0.1_0.25_1_2
LS: [1.541071998419175]
MCD: [0.353513833284442]
MCD_Modified: [0.7024459563037125]
Huber: [1.0345629291156266]
Cauchy: [1.0297123822429821]