exponent_Mod_n = 500_nCycle = 100_h = 400_params = 0.01_0.1_2_5
LS: [3.4149523495437806]
MCD: [0.5416761375091661]
MCD_Modified: [1.5470978089932408]
Huber: [2.024744913741424]
Cauchy: [1.8981575746136015]