exponent_Mod_n = 500_nCycle = 100_h = 350_params = 0.1_0.25_1_2
LS: [1.5351279645230205]
MCD: [0.28329078170884103]
MCD_Modified: [0.5259957263704073]
Huber: [1.027233904760315]
Cauchy: [1.0199042663979112]