exponent_Mod_n = 500_nCycle = 1_h = 252_params = 0.01_0.5_5.0_7.0
LS: [6.474531598637996]
MCD: [0.21872177783534852]
MCD_Modified: [1.9541583882165638]
Huber: [3.868451178271676]
Cauchy: [3.773931320562059]

6.47453	0.21872	1.95416	3.86845	3.77393