exponent_Mod_n = 500_nCycle = 100_h = 400_params = 0.01_0.1_0.5_1
LS: [0.7600217841404148]
MCD: [0.15167120669014636]
MCD_Modified: [0.33466462507933237]
Huber: [0.5294110050453272]
Cauchy: [0.5190514991431912]