exponent_Mod_n = 500_nCycle = 100_h = 300_params = 0.1_0.25_1_2
LS: [1.5530863185192558]
MCD: [0.2501475059661994]
MCD_Modified: [0.47274559663585647]
Huber: [1.0252638110226209]
Cauchy: [1.01677651504051]