exponent_Mod_n = 500_nCycle = 100_h = 450_params = 0.01_0.1_2_5
LS: [3.45864298075591]
MCD: [1.2513595269392248]
MCD_Modified: [2.138817608027143]
Huber: [2.0245769062652665]
Cauchy: [1.8859627825528122]