exponent_Mod_n = 500_nCycle = 100_h = 300_params = 0.01_0.1_0.5_1
LS: [0.7335279589609048]
MCD: [0.06050528309019839]
MCD_Modified: [0.20894136945639485]
Huber: [0.511756304088458]
Cauchy: [0.501205274007307]