exponent_Mod_n = 500_nCycle = 100_h = 250_params = 0.01_0.1_2_5
LS: [3.5654354437883216]
MCD: [0.04012851885690074]
MCD_Modified: [0.8775827983303282]
Huber: [2.0468052038840754]
Cauchy: [1.9100005806607792]