exponent_Mod_n = 500_nCycle = 100_h = 350_params = 0.01_0.1_0.5_1
LS: [0.7557103266480932]
MCD: [0.09285125406854533]
MCD_Modified: [0.24903884322256303]
Huber: [0.5258934254985952]
Cauchy: [0.5121981103515091]