exponent_Mod_n = 500_nCycle = 100_h = 250_params = 0.1_0.25_1_2
LS: [1.524914883141216]
MCD: [0.23388726505000346]
MCD_Modified: [0.41721699152809527]
Huber: [1.0232902849834782]
Cauchy: [1.0184903641183332]