exponent_Mod_n = 500_nCycle = 100_h = 425_params = 0.01_0.1_2_5
LS: [3.5897418140392046]
MCD: [0.8281736632047629]
MCD_Modified: [1.88385215483173]
Huber: [2.0560748623859757]
Cauchy: [1.9256494128340949]