exponent_Mod_n = 500_nCycle = 100_h = 325_params = 0.01_0.1_2_5
LS: [3.5024515364082123]
MCD: [0.1546723649857443]
MCD_Modified: [1.0925979178133647]
Huber: [2.0246522356952856]
Cauchy: [1.8798182183016012]