exponent_Mod_n = 500_nCycle = 100_h = 475_params = 0.01_0.1_2_5
LS: [3.5513665346486247]
MCD: [1.9520408535682099]
MCD_Modified: [2.6476464392136836]
Huber: [2.0791501265922823]
Cauchy: [1.9166648129505206]