cauchyModel_n = 350_nCycle = 500_outlier = 0.1_params = 0.0_0.25_0.0_0.5
LS: [5.716545724482057]
MCD: [0.0007200246986344938]
Huber: [0.0007498624596235689]
Cauchy: [0.0007612464872721592]