cauchyModel_n = 500_nCycle = 500_outlier = 0.1_params = 0.0_0.25_0.0_0.5
LS: [22.552198542501326]
MCD: [0.0004377879028981534]
Huber: [0.0005083016293271314]
Cauchy: [0.0005226020667687917]