cauchyModel_n = 400_nCycle = 500_outlier = 0.1_params = 0.0_0.25_0.0_0.5
LS: [10.835570895070783]
MCD: [0.0006637356871553341]
Huber: [0.0006835735396888665]
Cauchy: [0.0006836096896384144]