normalModel_n = 500_nCycle = 100_outlier = 0.05_params = 0.01_0.1_1_2
LS: [0.0012196959303584847]
MCD: [0.00039937955724168243]
Huber: [0.0004042800136315821]
Cauchy: [0.0004054375343437186]