normalModel_n = 500_nCycle = 100_outlier = 0.1_params = 0.01_0.1_1_2
LS: [0.0023395756049265108]
MCD: [0.0005232306251596221]
Huber: [0.0005189371367555493]
Cauchy: [0.0005192013168567318]