normalModel_n = 500_nCycle = 100_outlier = 0.15000000000000002_params = 0.01_0.1_1_2
LS: [0.003286956964290122]
MCD: [0.0005530299197626233]
Huber: [0.0005264456457239908]
Cauchy: [0.0005211557290721483]