normalModel_n = 500_nCycle = 100_outlier = 0.25_params = 0.1_0.5_5.0_7.0
LS: [0.02033386277316989]
MCD: [0.000780520343040177]
Huber: [0.001185845082774536]
Cauchy: [0.0010309922461876483]