normalModel_n = 500_nCycle = 100_outlier = 0.05_params = 0.1_0.5_5.0_7.0
LS: [0.00388576353073847]
MCD: [0.0002984884549546726]
Huber: [0.00042347230691404706]
Cauchy: [0.00043599649932749923]