normalModel_n = 500_nCycle = 100_outlier = 0.0_params = 0.1_0.25_2_3
LS: [0.00031319871963895183]
MCD: [0.0003131987196389392]
Huber: [0.00032654752662256945]
Cauchy: [0.0003196379024721463]