normalModel_n = 500_nCycle = 100_outlier = 0.0_params = 0.01_0.1_3_5
LS: [0.0002666725207682068]
MCD: [0.0002666725207681911]
Huber: [0.0002740530575931805]
Cauchy: [0.00027098564399842366]