normalModel_n = 500_nCycle = 100_outlier = 0.15000000000000002_params = 0.1_0.5_5.0_7.0
LS: [0.011133840736391613]
MCD: [0.00045700784935259796]
Huber: [0.0006895379654096162]
Cauchy: [0.0006748600767526715]