normalModel_n = 500_nCycle = 100_outlier = 0.25_params = 0.01_0.1_1_2
LS: [0.005089846350878572]
MCD: [0.0007461865856434176]
Huber: [0.0008152575715917897]
Cauchy: [0.0007908734051606596]