cauchy_Mod_n = 500_nCycle = 10_h = 300_params = 0.1_0.5_1_1
LS: [12.796890023049354]
MCD: [0.07862367297909702]
MCD_Modified: [0.05945051197867289]
Huber: [0.06060013928978888]
Cauchy: [0.04641764619614518]

12.79689	0.07862	0.05945	0.0606	0.04642