cauchy_Mod_n = 500_nCycle = 1_h = 400_params = 0.1_0.25_1_1
LS: [12.964040590590836]
MCD: [0.061592388413104694]
MCD_Modified: [0.10328958466983826]
Huber: [0.016486936610679438]
Cauchy: [0.009187248400867069]

12.96404	0.06159	0.10329	0.01649	0.00919