cauchy_Mod_n = 500_nCycle = 50_h = 350_params = 0.01_0.01_1_1
LS: [156.2709055789941]
MCD: [0.016778680368041483]
MCD_Modified: [0.04263365415124101]
Huber: [0.02297296795044639]
Cauchy: [0.018468710160521026]

156.27091	0.01678	0.04263	0.02297	0.01847