cauchy_Mod_n = 500_nCycle = 1_h = 252_params = 0.1_0.25_1_1
LS: [0.527780195622173]
MCD: [0.001684216589628652]
MCD_Modified: [0.02075073061861874]
Huber: [0.034790537589136555]
Cauchy: [0.03762133597842782]

0.52778	0.00168	0.02075	0.03479	0.03762