cauchy_Mod_n = 500_nCycle = 100_h = 300_params = 0.01_0.1_1_1
LS: [2071.6009811081412]
MCD: [0.016170263911996798]
MCD_Modified: [0.05741981274929563]
Huber: [0.02118348528301972]
Cauchy: [0.01837274394765527]