cauchy_Mod_n = 500_nCycle = 50_h = 300_params = 0.01_0.01_1_1
LS: [63.064993936885514]
MCD: [0.006477802543265751]
MCD_Modified: [0.01706467343013325]
Huber: [0.02067506257004234]
Cauchy: [0.01609422262899889]

63.06499	0.00648	0.01706	0.02068	0.01609