cauchy_Mod_n = 500_nCycle = 100_h = 400_params = 0.01_0.1_1_1
LS: [32.63646669422808]
MCD: [0.019619035012323805]
MCD_Modified: [0.04327742647180923]
Huber: [0.018424746206215373]
Cauchy: [0.01578627870264226]