cauchy_Mod_n = 500_nCycle = 50_h = 300_params = 0.1_0.25_1_1
LS: [58.127831902365514]
MCD: [0.03353074453249837]
MCD_Modified: [0.03864062172545344]
Huber: [0.05324982212150516]
Cauchy: [0.0455658506820035]

58.12783	0.03353	0.03864	0.05325	0.04557