cauchy_Mod_n = 500_nCycle = 50_h = 400_params = 0.01_0.25_1_1
LS: [17.329989266089452]
MCD: [0.019818667470238867]
MCD_Modified: [0.050523007734268155]
Huber: [0.027827925084741682]
Cauchy: [0.024752171117914407]

17.32999	0.01982	0.05052	0.02783	0.02475