cauchy_Mod_n = 500_nCycle = 100_h = 300_params = 0.25_0.5_1_1
LS: [122.10194839200626]
MCD: [0.06472445342263854]
MCD_Modified: [0.09970854275317796]
Huber: [0.04135283367441087]
Cauchy: [0.03669907893347793]