cauchy_Mod_n = 500_nCycle = 50_h = 350_params = 0.1_0.5_1_1
LS: [858.1458320474995]
MCD: [0.044479385616242435]
MCD_Modified: [0.07250077192297633]
Huber: [0.049701232291831626]
Cauchy: [0.044113859003589016]

858.14583	0.04448	0.0725	0.0497	0.04411