cauchy_Mod_n = 500_nCycle = 10_h = 450_params = 0.01_0.05_1_1
LS: [29.662094931677622]
MCD: [0.042027122649679574]
MCD_Modified: [0.06620011380111883]
Huber: [0.0144919218589762]
Cauchy: [0.015144991618279985]

29.66209	0.04203	0.0662	0.01449	0.01514