cauchy_Mod_n = 500_nCycle = 100_h = 250_params = 0.01_0.1_1_1
LS: [59.98973393097345]
MCD: [0.011354758344368814]
MCD_Modified: [0.06195536893492685]
Huber: [0.021138040665082226]
Cauchy: [0.017150966148913357]