cauchy_Mod_n = 500_nCycle = 1_h = 252_params = 0.01_0.01_1_1
LS: [1.4403407140292805]
MCD: [0.007404602124324524]
MCD_Modified: [0.004351067921906026]
Huber: [0.035569004957590626]
Cauchy: [0.018138027477400644]

1.44034	0.0074	0.00435	0.03557	0.01814