cauchy_Mod_n = 500_nCycle = 50_h = 400_params = 0.1_0.5_1_1
LS: [414.0819568944732]
MCD: [0.033622463850980895]
MCD_Modified: [0.06756911561461215]
Huber: [0.04955585282753617]
Cauchy: [0.04188680980837039]

414.08196	0.03362	0.06757	0.04956	0.04189