cauchy_Mod_n = 500_nCycle = 100_h = 450_params = 0.01_0.01_1_1
LS: [14039.847830093548]
MCD: [0.027015720680601284]
MCD_Modified: [0.07318677882601707]
Huber: [0.018084490414721904]
Cauchy: [0.014384358871984243]