cauchy_Mod_n = 500_nCycle = 50_h = 400_params = 0.01_0.01_1_1
LS: [183.247202077342]
MCD: [0.012741820799059922]
MCD_Modified: [0.03927654409283647]
Huber: [0.013121562059089044]
Cauchy: [0.009573123416204006]

183.2472	0.01274	0.03928	0.01312	0.00957