cauchy_Mod_n = 500_nCycle = 50_h = 450_params = 0.01_0.25_1_1
LS: [2753.646099653933]
MCD: [0.02329182604583908]
MCD_Modified: [0.0715864674582396]
Huber: [0.02308695925912027]
Cauchy: [0.017321071650415586]

2753.6461	0.02329	0.07159	0.02309	0.01732