cauchy_Mod_n = 500_nCycle = 10_h = 450_params = 0.1_0.5_1_1
LS: [459.0870348861181]
MCD: [0.042436768093159556]
MCD_Modified: [0.08900152724502279]
Huber: [0.03959579269586233]
Cauchy: [0.0373638266889877]

459.08703	0.04244	0.089	0.0396	0.03736