cauchy_Mod_n = 500_nCycle = 50_h = 252_params = 0.01_0.05_1_1
LS: [19.458711249019686]
MCD: [0.005232230147742328]
MCD_Modified: [0.05886140536312855]
Huber: [0.03790637204803638]
Cauchy: [0.029314075933521293]

19.45871	0.00523	0.05886	0.03791	0.02931