cauchy_Mod_n = 500_nCycle = 50_h = 450_params = 0.01_0.05_1_1
LS: [23.482803127450598]
MCD: [0.03195966957453179]
MCD_Modified: [0.08295805136018129]
Huber: [0.015766257752306178]
Cauchy: [0.013342030548967536]

23.4828	0.03196	0.08296	0.01577	0.01334