cauchy_Mod_n = 500_nCycle = 10_h = 400_params = 0.01_0.05_1_1
LS: [5.461480292531299]
MCD: [0.02474320200803415]
MCD_Modified: [0.029227333587468825]
Huber: [0.013721208991844239]
Cauchy: [0.01506701931130452]

5.46148	0.02474	0.02923	0.01372	0.01507