cauchy_Mod_n = 500_nCycle = 10_h = 252_params = 0.01_0.05_1_1
LS: [2.715475508663655]
MCD: [0.007733097738186803]
MCD_Modified: [0.055119678051648066]
Huber: [0.029407071994976976]
Cauchy: [0.026869247640692696]

2.71548	0.00773	0.05512	0.02941	0.02687