cauchy_Mod_n = 500_nCycle = 100_h = 250_params = 0.25_0.5_1_1
LS: [143.99666703472425]
MCD: [0.11387469823707332]
MCD_Modified: [0.12557697297443787]
Huber: [0.03518003964445647]
Cauchy: [0.032412855719625246]