cauchy_Mod_n = 500_nCycle = 1_h = 300_params = 0.01_0.01_1_1
LS: [22.024260449621917]
MCD: [0.005308221857057183]
MCD_Modified: [0.05370513110147625]
Huber: [0.0013706466510972504]
Cauchy: [0.0030532653555265235]

22.02426	0.00531	0.05371	0.00137	0.00305