cauchy_Mod_n = 500_nCycle = 50_h = 400_params = 0.01_0.05_1_1
LS: [727.046267235482]
MCD: [0.012183858873155097]
MCD_Modified: [0.034364371957459144]
Huber: [0.018725442183443564]
Cauchy: [0.01360087130035685]

727.04627	0.01218	0.03436	0.01873	0.0136