cauchy_Mod_n = 500_nCycle = 1_h = 450_params = 0.01_0.01_1_1
LS: [1.1920528183313235]
MCD: [0.003989709466229726]
MCD_Modified: [0.02097270246548584]
Huber: [0.018085643432073216]
Cauchy: [0.018264367767224093]

1.19205	0.00399	0.02097	0.01809	0.01826