cauchy_Mod_n = 500_nCycle = 100_h = 450_params = 0.01_0.1_1_1
LS: [1196.7082385617716]
MCD: [0.027591677158376796]
MCD_Modified: [0.057551321741959496]
Huber: [0.01730939491983945]
Cauchy: [0.014073585352304496]