cauchy_Mod_n = 500_nCycle = 50_h = 500_params = 0.01_0.01_1_1
LS: [17.805995903030496]
MCD: [17.805995903030485]
MCD_Modified: [17.805995903030485]
Huber: [0.01577399949054005]
Cauchy: [0.014325704283044215]

17.806	17.806	17.806	0.01577	0.01433