cauchy_Mod_n = 500_nCycle = 1_h = 450_params = 0.01_0.01_1_1
LS: [0.899850054516028]
MCD: [0.02244017573420552]
MCD_Modified: [0.00373360485637816]
Huber: [0.06041074644943194]
Cauchy: [0.0569760121608748]

0.89985	0.02244	0.00373	0.06041	0.05698