cauchy_Mod_n = 500_nCycle = 100_h = 400_params = 0.01_0.01_1_1
LS: [3425.3284149441065]
MCD: [0.016241912752656972]
MCD_Modified: [0.04356353249940325]
Huber: [0.014669997563107919]
Cauchy: [0.0131892732809592]