cauchy_Mod_n = 500_nCycle = 100_h = 500_params = 0.01_0.1_1_1
LS: [46.36020289968762]
MCD: [46.36020289968752]
MCD_Modified: [46.36020289968752]
Huber: [0.018103799344465127]
Cauchy: [0.014604241665508015]