cauchy_Mod_n = 500_nCycle = 100_h = 450_params = 0.25_0.5_1_1
LS: [126.1089588841636]
MCD: [0.04504854879228592]
MCD_Modified: [0.08203818295170111]
Huber: [0.04336469124185585]
Cauchy: [0.03844657928795052]