cauchy_Mod_n = 500_nCycle = 10_h = 350_params = 0.1_0.5_1_1
LS: [24.50522811124658]
MCD: [0.05814926752416527]
MCD_Modified: [0.06437411351798644]
Huber: [0.05200261795229414]
Cauchy: [0.04282521856847591]

24.50523	0.05815	0.06437	0.052	0.04283