cauchy_Mod_n = 500_nCycle = 100_h = 400_params = 0.01_0.5_1_1
LS: [363.8538449169228]
MCD: [0.031208082135596928]
MCD_Modified: [0.04282167192346181]
Huber: [0.03706471680105557]
Cauchy: [0.030632771748947032]

363.85384	0.03121	0.04282	0.03706	0.03063