cauchy_Mod_n = 500_nCycle = 100_h = 300_params = 0.01_0.01_1_1
LS: [17386.154383109588]
MCD: [0.005229608852514941]
MCD_Modified: [0.03657571909916453]
Huber: [0.014952521805069327]
Cauchy: [0.013069071930188697]