cauchy_Mod_n = 500_nCycle = 50_h = 252_params = 0.01_0.5_1_1
LS: [57.59087312521823]
MCD: [0.05791955250390217]
MCD_Modified: [0.08390428886567788]
Huber: [0.05414476899761039]
Cauchy: [0.04597734860957644]

57.59087	0.05792	0.0839	0.05414	0.04598