cauchy_Mod_n = 500_nCycle = 1_h = 400_params = 0.01_0.01_1_1
LS: [2.581720230176406]
MCD: [0.06681272664761602]
MCD_Modified: [0.017458063128522112]
Huber: [0.060934477024051525]
Cauchy: [0.05670854249944755]

2.58172	0.06681	0.01746	0.06093	0.05671