cauchy_Mod_n = 500_nCycle = 50_h = 350_params = 0.01_0.25_1_1
LS: [803.8889010770414]
MCD: [0.019824371449988807]
MCD_Modified: [0.047646198995067265]
Huber: [0.029101669921271132]
Cauchy: [0.024243996488975298]

803.8889	0.01982	0.04765	0.0291	0.02424