cauchy_Mod_n = 500_nCycle = 100_h = 252_params = 0.01_0.01_1_1
LS: [274326.85635277105]
MCD: [0.0015667918813064693]
MCD_Modified: [0.06350340468617559]
Huber: [0.03419330697821721]
Cauchy: [0.02719251289400766]

274326.85635	0.00157	0.0635	0.03419	0.02719