cauchy_Mod_n = 500_nCycle = 1_h = 400_params = 0.01_0.01_1_1
LS: [2.689062521826994]
MCD: [0.03038756493844346]
MCD_Modified: [0.06892633357641563]
Huber: [0.052327358641928556]
Cauchy: [0.02834641966610656]

2.68906	0.03039	0.06893	0.05233	0.02835