cauchy_Mod_n = 500_nCycle = 50_h = 252_params = 0.1_1.5_1_1
LS: [160.2977189760166]
MCD: [0.12367317984633937]
MCD_Modified: [0.16282378762768]
Huber: [0.09822731149591936]
Cauchy: [0.08713489869825856]

160.29772	0.12367	0.16282	0.09823	0.08713