cauchy_Mod_n = 500_nCycle = 1_h = 300_params = 0.1_0.25_1_1
LS: [210.32664362579573]
MCD: [0.11290372455324311]
MCD_Modified: [0.2956906181978953]
Huber: [0.21700707899650307]
Cauchy: [0.16495951569344985]

210.32664	0.1129	0.29569	0.21701	0.16496