cauchy_Mod_n = 500_nCycle = 1_h = 350_params = 0.01_0.01_1_1
LS: [0.9444110815362707]
MCD: [0.0016793730456258762]
MCD_Modified: [0.0542440237062065]
Huber: [0.01256973579961652]
Cauchy: [0.01177352720008171]

0.94441	0.00168	0.05424	0.01257	0.01177