cauchy_Mod_n = 500_nCycle = 1_h = 300_params = 0.01_0.01_1_1
LS: [0.4372482088344107]
MCD: [0.0013171974422711598]
MCD_Modified: [0.048299304048238866]
Huber: [0.030042243509641207]
Cauchy: [0.03811160997540677]

0.43725	0.00132	0.0483	0.03004	0.03811