cauchy_Mod_n = 500_nCycle = 100_h = 500_params = 0.25_0.5_1_1
LS: [5097.130786928445]
MCD: [5097.130786928491]
MCD_Modified: [5097.130786928491]
Huber: [0.041476942339974315]
Cauchy: [0.0364588277700612]