cauchy_Mod_n = 500_nCycle = 100_h = 300_params = 0.01_0.01_1_1
LS: [2089.8555977143374]
MCD: [0.006093620605286721]
MCD_Modified: [0.018240807858284705]
Huber: [0.0314105399618445]
Cauchy: [0.02373002683585541]

2089.8556	0.00609	0.01824	0.03141	0.02373