cauchy_Mod_n = 500_nCycle = 100_h = 450_params = 0.01_0.01_1_1
LS: [4715.074883831085]
MCD: [0.032842953416890135]
MCD_Modified: [0.069374132876661]
Huber: [0.01829867625002873]
Cauchy: [0.015298596826615609]

4715.07488	0.03284	0.06937	0.0183	0.0153