cauchy_Mod_n = 500_nCycle = 50_h = 450_params = 0.1_0.5_1_1
LS: [1023.7979755363632]
MCD: [0.03173763485490756]
MCD_Modified: [0.06092463747768007]
Huber: [0.03686352531242378]
Cauchy: [0.030661602546649652]

1023.79798	0.03174	0.06092	0.03686	0.03066