cauchy_Mod_n = 500_nCycle = 100_h = 500_params = 0.01_0.5_1_1
LS: [100.37153778348784]
MCD: [100.37153778348788]
MCD_Modified: [100.37153778348788]
Huber: [0.03054348144975239]
Cauchy: [0.028082966603703984]

100.37154	100.37154	100.37154	0.03054	0.02808