cauchy_Mod_n = 500_nCycle = 10_h = 350_params = 0.01_0.05_1_1
LS: [5.0090365513384825]
MCD: [0.019679198614313328]
MCD_Modified: [0.026036190610012184]
Huber: [0.048217204708961355]
Cauchy: [0.03191866462964709]

5.00904	0.01968	0.02604	0.04822	0.03192