cauchy_Mod_n = 500_nCycle = 50_h = 252_params = 0.01_0.25_1_1
LS: [137.98734763136338]
MCD: [0.024294316733483593]
MCD_Modified: [0.07453546120619645]
Huber: [0.033908615029435575]
Cauchy: [0.025745583450878285]

137.98735	0.02429	0.07454	0.03391	0.02575