cauchy_Mod_n = 500_nCycle = 50_h = 300_params = 0.1_0.5_1_1
LS: [72813.5359976872]
MCD: [0.05482693411181366]
MCD_Modified: [0.0757703788069311]
Huber: [0.057464635188585626]
Cauchy: [0.04972551666645267]

72813.536	0.05483	0.07577	0.05746	0.04973