cauchy_Mod_n = 500_nCycle = 100_h = 400_params = 0.01_0.01_1_1
LS: [2844.6349171834295]
MCD: [0.01702841483850984]
MCD_Modified: [0.032982825070837135]
Huber: [0.019090888679805525]
Cauchy: [0.015958520612597022]

2844.63492	0.01703	0.03298	0.01909	0.01596