cauchy_Mod_n = 500_nCycle = 50_h = 450_params = 0.01_0.01_1_1
LS: [6377.59649273448]
MCD: [0.028221538862020328]
MCD_Modified: [0.0637588628063116]
Huber: [0.022953221881704032]
Cauchy: [0.018984672964850034]

6377.59649	0.02822	0.06376	0.02295	0.01898