cauchy_Mod_n = 500_nCycle = 50_h = 300_params = 0.01_0.05_1_1
LS: [79.46623487840019]
MCD: [0.01240131595623248]
MCD_Modified: [0.03708769802609271]
Huber: [0.028621215010864686]
Cauchy: [0.023364723839590974]

79.46623	0.0124	0.03709	0.02862	0.02336