cauchy_Mod_n = 500_nCycle = 100_h = 400_params = 0.25_0.5_1_1
LS: [214.16794551448118]
MCD: [0.030832253823755904]
MCD_Modified: [0.05804081451399636]
Huber: [0.03688900197725904]
Cauchy: [0.032599076656733034]