cauchy_Mod_n = 500_nCycle = 50_h = 252_params = 0.01_0.01_1_1
LS: [185.72606518358424]
MCD: [0.0015346420172516724]
MCD_Modified: [0.04572004273236538]
Huber: [0.0377090594278387]
Cauchy: [0.02698203626844754]

185.72607	0.00153	0.04572	0.03771	0.02698