cauchy_Mod_n = 500_nCycle = 10_h = 252_params = 0.1_0.5_1_1
LS: [7.6129746587215354]
MCD: [0.1000916961903544]
MCD_Modified: [0.12237302416064022]
Huber: [0.052384490171064634]
Cauchy: [0.04878116887896985]

7.61297	0.10009	0.12237	0.05238	0.04878