cauchy_Mod_n = 500_nCycle = 50_h = 450_params = 0.01_0.01_1_1
LS: [789.3382131505298]
MCD: [0.03179925767121758]
MCD_Modified: [0.07326682044112925]
Huber: [0.018427854391596804]
Cauchy: [0.016392070428003697]

789.33821	0.0318	0.07327	0.01843	0.01639