cauchy_Mod_n = 500_nCycle = 1_h = 450_params = 0.1_0.25_1_1
LS: [2.608760129529429]
MCD: [0.0314890007080358]
MCD_Modified: [0.007262531136740083]
Huber: [0.008408542508387472]
Cauchy: [0.01047258265618122]

2.60876	0.03149	0.00726	0.00841	0.01047