cauchy_Mod_n = 500_nCycle = 50_h = 450_params = 0.1_0.25_1_1
LS: [38.913135254995325]
MCD: [0.02670470900598614]
MCD_Modified: [0.05240480477691675]
Huber: [0.025917505830808228]
Cauchy: [0.023212233681554974]

38.91314	0.0267	0.0524	0.02592	0.02321