cauchy_Mod_n = 500_nCycle = 100_h = 252_params = 0.01_0.01_1_1
LS: [40.564094104468225]
MCD: [0.0015522853518896208]
MCD_Modified: [0.009746619062091219]
Huber: [0.03168776134753954]
Cauchy: [0.022784446846143523]

40.56409	0.00155	0.00975	0.03169	0.02278