cauchy_Mod_n = 500_nCycle = 100_h = 350_params = 0.25_0.5_1_1
LS: [140.76472418957366]
MCD: [0.060772435643849265]
MCD_Modified: [0.08409109663943673]
Huber: [0.033463952585112054]
Cauchy: [0.028241042608362733]