cauchy_Mod_n = 500_nCycle = 50_h = 350_params = 0.01_0.05_1_1
LS: [788.665584922715]
MCD: [0.01633722397417022]
MCD_Modified: [0.024779340788953323]
Huber: [0.017896704609694673]
Cauchy: [0.014097331114327727]

788.66558	0.01634	0.02478	0.0179	0.0141