cauchy_Mod_n = 500_nCycle = 50_h = 300_params = 0.01_0.01_1_1
LS: [190.0994902517842]
MCD: [0.0047594620008113465]
MCD_Modified: [0.0405448268610224]
Huber: [0.028998729001666203]
Cauchy: [0.02253873134024347]

190.09949	0.00476	0.04054	0.029	0.02254