cauchy_Mod_n = 500_nCycle = 50_h = 300_params = 0.01_0.25_1_1
LS: [254.06243547365722]
MCD: [0.02583018549508893]
MCD_Modified: [0.05854670310559512]
Huber: [0.036810313508881955]
Cauchy: [0.028367073221891602]

254.06244	0.02583	0.05855	0.03681	0.02837