cauchy_Mod_n = 500_nCycle = 50_h = 252_params = 0.1_0.25_1_1
LS: [33.540533647938126]
MCD: [0.047960371018491925]
MCD_Modified: [0.03788048470109699]
Huber: [0.046073662664371656]
Cauchy: [0.04314963287584549]

33.54053	0.04796	0.03788	0.04607	0.04315