cauchy_Mod_n = 500_nCycle = 1_h = 500_params = 0.1_0.25_1_1
LS: [1.477793041410925]
MCD: [1.4777930414109353]
MCD_Modified: [1.4777930414109353]
Huber: [0.007903410141517669]
Cauchy: [0.012334099280366724]

1.47779	1.47779	1.47779	0.0079	0.01233