cauchy_Mod_n = 500_nCycle = 10_h = 300_params = 0.01_0.05_1_1
LS: [4.802370222606464]
MCD: [0.009390814643718869]
MCD_Modified: [0.03342289851862452]
Huber: [0.019018477021766587]
Cauchy: [0.013728046009372063]

4.80237	0.00939	0.03342	0.01902	0.01373