cauchy_Mod_n = 500_nCycle = 1_h = 252_params = 0.01_0.01_1_1
LS: [1.091558753873175]
MCD: [7.652711419504187e-05]
MCD_Modified: [0.0409901776977276]
Huber: [0.0367320827888405]
Cauchy: [0.02336875308591249]

1.09156	8e-05	0.04099	0.03673	0.02337