cauchy_Mod_n = 500_nCycle = 100_h = 350_params = 0.01_0.1_1_1
LS: [134.02933495451643]
MCD: [0.020428987166406894]
MCD_Modified: [0.039016325233029496]
Huber: [0.018405253478129935]
Cauchy: [0.01557755320222836]