cauchy_Mod_n = 500_nCycle = 50_h = 252_params = 0.01_0.01_1_1
LS: [154.81751998865516]
MCD: [0.0017130242091304608]
MCD_Modified: [0.051942589402640495]
Huber: [0.026835964216156766]
Cauchy: [0.021160684774034846]

154.81752	0.00171	0.05194	0.02684	0.02116