cauchy_Mod_n = 500_nCycle = 50_h = 400_params = 0.1_0.25_1_1
LS: [2143310.726226239]
MCD: [0.021072813786772993]
MCD_Modified: [0.03346436368745021]
Huber: [0.03220837019297373]
Cauchy: [0.02605495715202341]

2143310.72623	0.02107	0.03346	0.03221	0.02605