cauchy_Mod_n = 500_nCycle = 1_h = 500_params = 0.01_0.01_1_1
LS: [4.92960108565063]
MCD: [4.929601085650655]
MCD_Modified: [4.929601085650655]
Huber: [0.009716521002203951]
Cauchy: [0.005226782064539946]

4.9296	4.9296	4.9296	0.00972	0.00523