cauchy_Mod_n = 500_nCycle = 10_h = 400_params = 0.1_0.5_1_1
LS: [9.644280241640313]
MCD: [0.036821671784011044]
MCD_Modified: [0.07756556992934584]
Huber: [0.02445830625565622]
Cauchy: [0.02036857880863324]

9.64428	0.03682	0.07757	0.02446	0.02037