cauchy_Mod_n = 500_nCycle = 50_h = 252_params = 0.1_0.5_1_1
LS: [394.57147051373397]
MCD: [0.07558610219793943]
MCD_Modified: [0.11256423699962496]
Huber: [0.06817092989055352]
Cauchy: [0.059989363304314536]

394.57147	0.07559	0.11256	0.06817	0.05999