normal_Mod_n = 500_nCycle = 50_h = 300_params = 0.01_0.5_5.0_7.0
LS: [0.16392977035401962]
MCD: [0.0983383835082511]
MCD_Modified: [0.3947661841883862]
Huber: [0.1377237567828516]
Cauchy: [0.13403456437196948]

0.16393	0.09834	0.39477	0.13772	0.13403