normal_Mod_n = 500_nCycle = 50_h = 350_params = 0.01_0.1_3_5
LS: [0.07634132179579621]
MCD: [0.05016820018283778]
MCD_Modified: [0.12151995706837512]
Huber: [0.04020071576122707]
Cauchy: [0.03781731369527939]

0.07634	0.05017	0.12152	0.0402	0.03782