normal_Mod_n = 500_nCycle = 50_h = 252_params = 0.01_0.5_5.0_7.0
LS: [0.19787319003038464]
MCD: [0.0686095561081673]
MCD_Modified: [0.6310713763844763]
Huber: [0.13135101422179415]
Cauchy: [0.1289010316044107]

0.19787	0.06861	0.63107	0.13135	0.1289