normal_Mod_n = 500_nCycle = 50_h = 450_params = 0.1_0.25_2_3
LS: [0.0448112917596412]
MCD: [0.05090750593492655]
MCD_Modified: [0.05937707817631961]
Huber: [0.03545044065922748]
Cauchy: [0.0350827707433032]

0.04481	0.05091	0.05938	0.03545	0.03508