normal_Mod_n = 500_nCycle = 50_h = 350_params = 0.01_0.5_5.0_7.0
LS: [0.111815107652147]
MCD: [0.13071608170800972]
MCD_Modified: [0.28101724291146685]
Huber: [0.07352280484983427]
Cauchy: [0.07098919898262455]

0.11182	0.13072	0.28102	0.07352	0.07099