normal_Mod_n = 500_nCycle = 50_h = 400_params = 0.01_0.5_5.0_7.0
LS: [0.1090211898106845]
MCD: [0.10530271929950658]
MCD_Modified: [0.15310131590620268]
Huber: [0.06710572950794264]
Cauchy: [0.06361628120716173]

0.10902	0.1053	0.1531	0.06711	0.06362