normal_Mod_n = 500_nCycle = 50_h = 450_params = 0.01_0.5_5.0_7.0
LS: [0.10359743140504481]
MCD: [0.11969904051812552]
MCD_Modified: [0.13463581297454938]
Huber: [0.07253106937804643]
Cauchy: [0.07198703309306737]

0.1036	0.1197	0.13464	0.07253	0.07199