normal_Mod_n = 500_nCycle = 50_h = 252_params = 0.01_0.1_3_5
LS: [0.10017136273887724]
MCD: [0.008751304541925466]
MCD_Modified: [0.16132759471784383]
Huber: [0.056913108639039395]
Cauchy: [0.05564595958941812]

0.10017	0.00875	0.16133	0.05691	0.05565