normal_Mod_n = 500_nCycle = 50_h = 300_params = 0.1_0.25_2_3
LS: [0.051245458855419576]
MCD: [0.06766753096694643]
MCD_Modified: [0.19673232084031103]
Huber: [0.04771019048219775]
Cauchy: [0.047932463896729]

0.05125	0.06767	0.19673	0.04771	0.04793