cauchyModel_n = 300_nCycle = 500_outlier = 0.1_params = 0.0_0.01_0.0_1.0
LS: [9.563664306727516]
MCD: [0.0007998744610849965]
Huber: [0.0007192201275313976]
Cauchy: [0.0007034225144650429]