cauchyModel_n = 500_nCycle = 500_outlier = 0.1_params = 0.0_0.01_0.0_1.0
LS: [8457.567256237711]
MCD: [0.000505003460797432]
Huber: [0.0004586358003476595]
Cauchy: [0.0004753102076955977]