LS: [0.0018988426820666176]
MCD: [0.00010790665632367979]
Huber: [0.00023985440995192417]
Cauchy: [0.00024724147182701706]