cauchy_Mod_n = 500_nCycle = 10_h = 400_params = 0.01_0.5_1_1
LS: [45.358923664787156]
MCD: [0.025417807044380784]
MCD_Modified: [0.05866729946684958]
Huber: [0.031444143854920725]
Cauchy: [0.028978034825397743]

45.35892	0.02542	0.05867	0.03144	0.02898