cauchy_Mod_n = 500_nCycle = 100_h = 300_params = 0.1_0.5_1_1
LS: [7060.584562659609]
MCD: [0.06091370460044374]
MCD_Modified: [0.09497995537649498]
Huber: [0.052256072014660954]
Cauchy: [0.04597348328531461]

7060.58456	0.06091	0.09498	0.05226	0.04597