cauchy_Mod_n = 500_nCycle = 50_h = 450_params = 0.01_0.01_1_1
LS: [294.96805120896465]
MCD: [0.03060307079055538]
MCD_Modified: [0.07360811701678799]
Huber: [0.020847945240198194]
Cauchy: [0.017940159967494804]

294.96805	0.0306	0.07361	0.02085	0.01794