cauchy_Mod_n = 500_nCycle = 50_h = 252_params = 0.01_0.01_1_1
LS: [69.33021437020481]
MCD: [0.0010962043221985824]
MCD_Modified: [0.0647861009143193]
Huber: [0.03334859995087155]
Cauchy: [0.02443263344001325]

69.33021	0.0011	0.06479	0.03335	0.02443