cauchy_Mod_n = 500_nCycle = 100_h = 350_params = 0.1_0.5_1_1
LS: [238.53532259849294]
MCD: [0.043644533872637795]
MCD_Modified: [0.06407928389790939]
Huber: [0.03526695268378242]
Cauchy: [0.03169949939672335]

238.53532	0.04364	0.06408	0.03527	0.0317