cauchy_Mod_n = 500_nCycle = 100_h = 400_params = 0.1_0.5_1_1
LS: [12787.57764928389]
MCD: [0.032127882786364144]
MCD_Modified: [0.0721125648693956]
Huber: [0.03806975800470871]
Cauchy: [0.033572406966698186]

12787.57765	0.03213	0.07211	0.03807	0.03357