cauchy_Mod_n = 500_nCycle = 10_h = 450_params = 0.01_0.5_1_1
LS: [7274.839312665028]
MCD: [0.026413475673097358]
MCD_Modified: [0.06555268217409183]
Huber: [0.025785969175363417]
Cauchy: [0.023446981089885105]

7274.83931	0.02641	0.06555	0.02579	0.02345