cauchy_Mod_n = 500_nCycle = 10_h = 300_params = 0.01_0.5_1_1
LS: [868.0050886624516]
MCD: [0.04614502675684815]
MCD_Modified: [0.023124705128205546]
Huber: [0.03531131702179344]
Cauchy: [0.028463648387361446]

868.00509	0.04615	0.02312	0.03531	0.02846