cauchy_Mod_n = 500_nCycle = 50_h = 500_params = 0.01_0.01_1_1
LS: [458.12255689268767]
MCD: [458.1225568926891]
MCD_Modified: [458.1225568926891]
Huber: [0.010799634850697893]
Cauchy: [0.008950203174674601]

458.12256	458.12256	458.12256	0.0108	0.00895