cauchy_Mod_n = 500_nCycle = 10_h = 252_params = 0.01_0.5_1_1
LS: [7.167143086339886]
MCD: [0.07982057893341889]
MCD_Modified: [0.09384573168521647]
Huber: [0.04090098363099938]
Cauchy: [0.03523999743716212]

7.16714	0.07982	0.09385	0.0409	0.03524