cauchy_Mod_n = 500_nCycle = 50_h = 300_params = 0.1_0.25_1_1
LS: [304.72596870239045]
MCD: [0.03079537087527414]
MCD_Modified: [0.06396748334781657]
Huber: [0.04644160976079748]
Cauchy: [0.03985914467546225]

304.72597	0.0308	0.06397	0.04644	0.03986