cauchy_Mod_n = 500_nCycle = 50_h = 500_params = 0.1_0.25_1_1
LS: [66.1388002526859]
MCD: [66.13880025268581]
MCD_Modified: [66.13880025268581]
Huber: [0.022998315926883617]
Cauchy: [0.018590950290994456]

66.1388	66.1388	66.1388	0.023	0.01859