cauchy_Mod_n = 500_nCycle = 50_h = 252_params = 0.1_0.25_1_1
LS: [29.758837589712677]
MCD: [0.0449037341087091]
MCD_Modified: [0.0977390497555421]
Huber: [0.05615221260700854]
Cauchy: [0.04917260927654958]

29.75884	0.0449	0.09774	0.05615	0.04917