cauchy_Mod_n = 500_nCycle = 50_h = 450_params = 0.1_0.25_1_1
LS: [3100.3662389344363]
MCD: [0.044671089885191105]
MCD_Modified: [0.08469856350067183]
Huber: [0.0406399518212515]
Cauchy: [0.03463469325324953]

3100.36624	0.04467	0.0847	0.04064	0.03463