cauchy_Mod_n = 500_nCycle = 50_h = 400_params = 0.1_0.25_1_1
LS: [36.759549946513054]
MCD: [0.016980994096064947]
MCD_Modified: [0.05428668830132276]
Huber: [0.033512305523702636]
Cauchy: [0.029315005771476287]

36.75955	0.01698	0.05429	0.03351	0.02932