cauchy_Mod_n = 500_nCycle = 100_h = 450_params = 0.1_0.5_1_1
LS: [2015.8665061903573]
MCD: [0.0362836445320687]
MCD_Modified: [0.07351989692289672]
Huber: [0.03067740225328457]
Cauchy: [0.026059647343223774]

2015.86651	0.03628	0.07352	0.03068	0.02606