cauchy_Mod_n = 500_nCycle = 50_h = 400_params = 0.01_0.01_1_1
LS: [14.413608804278022]
MCD: [0.016488494945004442]
MCD_Modified: [0.04183342348067463]
Huber: [0.017576667925396777]
Cauchy: [0.014278562515512478]

14.41361	0.01649	0.04183	0.01758	0.01428