cauchy_Mod_n = 500_nCycle = 100_h = 252_params = 0.1_0.5_1_1
LS: [3371.2698357972554]
MCD: [0.07894110341614455]
MCD_Modified: [0.1347331622048003]
Huber: [0.07623919155569894]
Cauchy: [0.06336750432215531]

3371.26984	0.07894	0.13473	0.07624	0.06337