cauchy_Mod_n = 500_nCycle = 50_h = 300_params = 0.01_0.01_1_1
LS: [16.318472082680284]
MCD: [0.005953927958463773]
MCD_Modified: [0.0553630590974907]
Huber: [0.03126636186604456]
Cauchy: [0.020831315867045536]

16.31847	0.00595	0.05536	0.03127	0.02083