exponent_Mod_n = 500_nCycle = 10_outlier = 0.2_params = 0.01_0.1_2_5
LS: [3.603024785700795]
MCD: [0.5925963090392391]
MCD_Modified: [0.5925963090392391]
Huber: [2.102604799256002]
Cauchy: [1.9816885824328991]