exponent_Mod_n = 500_nCycle = 50_outlier = 0.0_params = 0.01_0.1_2_5
LS: [3.3872180542702393]
MCD: [3.387218054270239]
MCD_Modified: [3.387218054270239]
Huber: [1.9509723341910532]
Cauchy: [1.8068390450212057]