exponent_Mod_n = 500_nCycle = 1_h = 300_params = 0.01_0.05_5.0_7.0
LS: [6.302148210278533]
MCD: [0.08640958933405704]
MCD_Modified: [1.5879932041291205]
Huber: [3.2378771701616142]
Cauchy: [2.8407741786410186]