exponent_Mod_n = 500_nCycle = 50_h = 400_params = 0.01_0.05_5.0_7.0
LS: [6.234936305642796]
MCD: [1.0573617205807202]
MCD_Modified: [2.6807154723864564]
Huber: [3.800367861911136]
Cauchy: [3.559541945936139]

6.23494	1.05736	2.68072	3.80037	3.55954