exponent_Mod_n = 500_nCycle = 50_h = 350_params = 0.01_0.1_0.5_1
LS: [0.7842949427628555]
MCD: [0.09948152493250051]
MCD_Modified: [0.2646202892034455]
Huber: [0.5371580531456991]
Cauchy: [0.5221533348990017]

0.78429	0.09948	0.26462	0.53716	0.52215