exponent_Mod_n = 500_nCycle = 50_outlier = 0.1_params = 0.01_0.1_2_5
LS: [3.4226062854310317]
MCD: [1.2407044293375573]
MCD_Modified: [1.2264676313847032]
Huber: [2.0406339193023006]
Cauchy: [1.8990390608914556]