exponent_Mod_n = 500_nCycle = 50_h = 450_params = 0.01_0.05_5.0_7.0
LS: [6.357038958894285]
MCD: [2.3478653632317203]
MCD_Modified: [3.8621576636493855]
Huber: [3.7121690546692743]
Cauchy: [3.391003026283086]

6.35704	2.34787	3.86216	3.71217	3.391