exponent_Mod_n = 500_nCycle = 50_h = 252_params = 0.01_0.05_5.0_7.0
LS: [5.977413587194571]
MCD: [0.010350520398164087]
MCD_Modified: [1.6014181938287535]
Huber: [3.4026508971900826]
Cauchy: [3.1276582971246243]

5.97741	0.01035	1.60142	3.40265	3.12766