exponent_Mod_n = 500_nCycle = 50_h = 300_params = 0.01_0.05_5.0_7.0
LS: [6.352172677465234]
MCD: [0.10244567533864168]
MCD_Modified: [1.7423343851753939]
Huber: [3.721346552910644]
Cauchy: [3.411105196110532]

6.35217	0.10245	1.74233	3.72135	3.41111