exponent_Mod_n = 500_nCycle = 50_h = 252_params = 0.01_0.1_0.5_1
LS: [0.7648149883404558]
MCD: [0.043225468665622796]
MCD_Modified: [0.09411165869268232]
Huber: [0.5339948222710039]
Cauchy: [0.5255569898673881]

0.76481	0.04323	0.09411	0.53399	0.52556