exponent_Mod_n = 500_nCycle = 50_h = 252_params = 0.01_0.1_0.5_1
LS: [0.7454911806541277]
MCD: [0.046486198873506294]
MCD_Modified: [0.19475295482718238]
Huber: [0.5044525731182743]
Cauchy: [0.49253046570938047]

0.74549	0.04649	0.19475	0.50445	0.49253