exponent_Mod_n = 500_nCycle = 100_outlier = 0.15000000000000002_params = 0.01_0.1_2_5
LS: [3.400348402104992]
MCD: [0.8077657633147405]
MCD_Modified: [0.3411258488079237]
Huber: [1.9848357482629873]
Cauchy: [1.8646141548734922]