exponent_Mod_n = 500_nCycle = 10_outlier = 0.15000000000000002_params = 0.01_0.1_2_5
LS: [3.6017937449867112]
MCD: [0.8243889459745095]
MCD_Modified: [0.8243889459745095]
Huber: [2.0852321949634702]
Cauchy: [1.9587879312070373]