exponent_Mod_n = 500_nCycle = 50_h = 500_params = 0.01_0.1_0.5_1
LS: [0.794843386643705]
MCD: [0.794843386643705]
MCD_Modified: [0.794843386643705]
Huber: [0.5442146509263734]
Cauchy: [0.5319059266529621]

0.79484	0.79484	0.79484	0.54421	0.53191