exponent_Mod_n = 500_nCycle = 50_outlier = 0.05_params = 0.01_0.1_2_5
LS: [3.494649207618632]
MCD: [1.9481374151027229]
MCD_Modified: [1.9274531369758217]
Huber: [2.075516300737918]
Cauchy: [1.9470207744813026]