exponent_Mod_n = 500_nCycle = 50_h = 400_params = 0.01_0.1_0.5_1
LS: [0.7913476414315683]
MCD: [0.1599222455219271]
MCD_Modified: [0.3292074111168076]
Huber: [0.5522348627835307]
Cauchy: [0.5430220276762536]

0.79135	0.15992	0.32921	0.55223	0.54302