exponent_Mod_n = 500_nCycle = 100_outlier = 0.25_params = 0.01_0.1_2_5
LS: [3.4888403893408224]
MCD: [0.3397285913254003]
MCD_Modified: [0.3342386322634173]
Huber: [2.037458187588486]
Cauchy: [1.9077266187929514]