exponent_Mod_n = 500_nCycle = 100_outlier = 0.2_params = 0.01_0.1_2_5
LS: [3.4772282176760956]
MCD: [0.5441996057339156]
MCD_Modified: [0.35899615456844275]
Huber: [2.02886775856687]
Cauchy: [1.890864218040214]