exponent_Mod_n = 500_nCycle = 50_h = 350_params = 0.01_0.05_5.0_7.0
LS: [5.998486039962306]
MCD: [0.3378498359281412]
MCD_Modified: [1.9701746837239031]
Huber: [3.5440975054162647]
Cauchy: [3.268583040870044]

5.99849	0.33785	1.97017	3.5441	3.26858