exponent_Mod_n = 500_nCycle = 1_h = 252_params = 0.01_0.05_5.0_7.0
LS: [5.282926108847927]
MCD: [0.005064804925465302]
MCD_Modified: [1.6585379642624374]
Huber: [3.965349454534178]
Cauchy: [3.2464412220054077]