exponent_Mod_n = 500_nCycle = 50_h = 450_params = 0.01_0.05_5.0_7.0
LS: [6.143152331741304]
MCD: [2.334230490879901]
MCD_Modified: [3.7601083236439434]
Huber: [3.7462618224348616]
Cauchy: [3.3781536549148323]

6.14315	2.33423	3.76011	3.74626	3.37815