exponent_Mod_n = 500_nCycle = 200_outlier = 0.1_params = 0.01_0.1_2_5
LS: [3.496348229244744]
MCD: [1.2360851785937983]
MCD_Modified: [1.2197346074998128]
Huber: [2.020207948637307]
Cauchy: [1.878351784830945]