exponent_Mod_n = 500_nCycle = 100_outlier = 0.0_params = 0.01_0.1_2_5
LS: [3.533972245670367]
MCD: [3.5339722456703684]
MCD_Modified: [0.34922317236648964]
Huber: [2.028227669212435]
Cauchy: [1.8723321146644942]