exponent_Mod_n = 500_nCycle = 50_h = 450_params = 0.01_0.1_0.5_1
LS: [0.7572533380118177]
MCD: [0.27892789511575]
MCD_Modified: [0.4536933569359078]
Huber: [0.5215357185636228]
Cauchy: [0.5079493882232594]

0.75725	0.27893	0.45369	0.52154	0.50795