exponent_Mod_n = 500_nCycle = 50_outlier = 0.15000000000000002_params = 0.01_0.1_2_5
LS: [3.379865265121223]
MCD: [0.8109930002779767]
MCD_Modified: [0.7993379159130894]
Huber: [1.9841605691488187]
Cauchy: [1.8751300672355276]