exponent_Mod_n = 500_nCycle = 10_outlier = 0.25_params = 0.01_0.1_2_5
LS: [3.1900634158568133]
MCD: [0.37680583106349286]
MCD_Modified: [0.9190113234542947]
Huber: [1.8699196253405428]
Cauchy: [1.7705515136779588]