exponent_Mod_n = 500_nCycle = 50_h = 500_params = 0.01_0.1_0.5_1
LS: [0.7325548036950421]
MCD: [0.7325548036950429]
MCD_Modified: [0.7325548036950429]
Huber: [0.5035357410299182]
Cauchy: [0.49606778338503366]

0.73255	0.73255	0.73255	0.50354	0.49607