exponent_Mod_n = 500_nCycle = 10_outlier = 0.2_params = 0.01_0.1_2_5
LS: [3.561896087413552]
MCD: [0.49334629140074526]
MCD_Modified: [0.9842440694142892]
Huber: [1.9887625465769632]
Cauchy: [1.8817932357269638]