exponent_Mod_n = 500_nCycle = 100_h = 400_params = 0.01_0.05_5.0_7.0
LS: [6.277665980240429]
MCD: [1.0034216888088998]
MCD_Modified: [2.805686623526947]
Huber: [3.662445729309283]
Cauchy: [3.328482191247531]