exponent_Mod_n = 500_nCycle = 50_outlier = 0.25_params = 0.01_0.1_2_5
LS: [3.4569470174914545]
MCD: [0.36670286593211476]
MCD_Modified: [0.36157508526140025]
Huber: [2.0116351134667925]
Cauchy: [1.885826111321212]