exponent_Mod_n = 500_nCycle = 10_outlier = 0.05_params = 0.01_0.1_2_5
LS: [3.552410145970788]
MCD: [1.9657776089808074]
MCD_Modified: [1.9657776089808074]
Huber: [2.140752861522509]
Cauchy: [1.9842657846806275]