exponent_Mod_n = 500_nCycle = 200_outlier = 0.0_params = 0.01_0.1_2_5
LS: [3.5415494232079014]
MCD: [3.5415494232079006]
MCD_Modified: [3.5415494232079014]
Huber: [2.050906320824059]
Cauchy: [1.908600602604026]