exponent_Mod_n = 500_nCycle = 100_h = 500_params = 0.01_0.05_5.0_7.0
LS: [6.357431487793768]
MCD: [6.3574314877937725]
MCD_Modified: [6.3574314877937725]
Huber: [3.8119546416398538]
Cauchy: [3.504671097001778]