exponent_Mod_n = 500_nCycle = 50_h = 400_params = 0.01_0.05_5.0_7.0
LS: [6.229499419467126]
MCD: [0.9724208751939942]
MCD_Modified: [2.7942659741720757]
Huber: [3.695761599693614]
Cauchy: [3.3858752791775446]

6.2295	0.97242	2.79427	3.69576	3.38588