exponent_Mod_n = 500_nCycle = 50_h = 500_params = 0.01_0.05_5.0_7.0
LS: [6.3903930450201605]
MCD: [6.390393045020156]
MCD_Modified: [6.390393045020156]
Huber: [3.6990791013644415]
Cauchy: [3.3767915213524575]

6.39039	6.39039	6.39039	3.69908	3.37679