exponent_Mod_n = 500_nCycle = 200_outlier = 0.15000000000000002_params = 0.01_0.1_2_5
LS: [3.4893511131813693]
MCD: [0.7999953392241251]
MCD_Modified: [0.7871709207465893]
Huber: [1.982149029433984]
Cauchy: [1.8404310704506768]