exponent_Mod_n = 500_nCycle = 50_h = 400_params = 0.01_0.1_0.5_1
LS: [0.7545296238197274]
MCD: [0.152302876382027]
MCD_Modified: [0.31494403606457005]
Huber: [0.5123513399450487]
Cauchy: [0.5034883152534797]

0.75453	0.1523	0.31494	0.51235	0.50349