exponent_Mod_n = 500_nCycle = 100_outlier = 0.05_params = 0.01_0.1_2_5
LS: [3.4446439584237725]
MCD: [1.928703613544675]
MCD_Modified: [0.35723051782340454]
Huber: [2.0283773294034178]
Cauchy: [1.9014660752068253]