exponent_Mod_n = 500_nCycle = 100_h = 450_params = 0.01_0.05_5.0_7.0
LS: [6.135548274635948]
MCD: [2.2858898369753415]
MCD_Modified: [3.712237756721757]
Huber: [3.6581737479370036]
Cauchy: [3.369818274574892]