exponent_Mod_n = 500_nCycle = 50_h = 252_params = 0.01_0.05_5.0_7.0
LS: [6.436236625544758]
MCD: [0.01224145308583566]
MCD_Modified: [0.7264227801691965]
Huber: [3.7556319432001324]
Cauchy: [3.431892826401219]

6.43624	0.01224	0.72642	3.75563	3.43189