exponent_Mod_n = 500_nCycle = 10_outlier = 0.1_params = 0.01_0.1_2_5
LS: [3.567977916918901]
MCD: [1.2394552668494794]
MCD_Modified: [1.2394552668494794]
Huber: [2.069607301536297]
Cauchy: [1.9300057169733804]