exponent_Mod_n = 500_nCycle = 100_outlier = 0.1_params = 0.01_0.1_2_5
LS: [3.4373330662736374]
MCD: [1.2739021646132938]
MCD_Modified: [0.356148066985085]
Huber: [2.0552554216987864]
Cauchy: [1.9133635869790038]