exponent_Mod_n = 500_nCycle = 10_outlier = 0.25_params = 0.01_0.1_2_5
LS: [3.581153403388946]
MCD: [0.3725990462682923]
MCD_Modified: [0.3725990462682923]
Huber: [1.967857686182553]
Cauchy: [1.8302966499773727]