exponent_Mod_n = 500_nCycle = 50_h = 300_params = 0.01_0.1_0.5_1
LS: [0.7703753161930019]
MCD: [0.06510590301600608]
MCD_Modified: [0.1938797929170486]
Huber: [0.5357533325475918]
Cauchy: [0.5271419013690645]

0.77038	0.06511	0.19388	0.53575	0.52714