exponent_Mod_n = 500_nCycle = 200_outlier = 0.05_params = 0.01_0.1_2_5
LS: [3.4727175904307477]
MCD: [1.9261919735551305]
MCD_Modified: [1.903727158810768]
Huber: [2.0151973631193236]
Cauchy: [1.8754815125415483]