exponent_Mod_n = 500_nCycle = 10_outlier = 0.0_params = 0.01_0.1_2_5
LS: [3.257269490976662]
MCD: [3.2572694909766646]
MCD_Modified: [3.2572694909766646]
Huber: [1.9296078565586796]
Cauchy: [1.826738444917467]