exponent_Mod_n = 500_nCycle = 50_outlier = 0.2_params = 0.01_0.1_2_5
LS: [3.425875377377724]
MCD: [0.5385328476099478]
MCD_Modified: [0.5104222634090855]
Huber: [2.0042924871763206]
Cauchy: [1.8639444237564085]