cauchyModel_n = 500_nCycle = 100_outlier = 0.05_params = 0.25_0.5_1_1
LS: [0.8904866847171989]
MCD: [0.0004003397825663617]
Huber: [0.0004453675758633835]
Cauchy: [0.00046463399946604123]