cauchyModel_n = 500_nCycle = 100_outlier = 0.1_params = 0.01_0.1_1_1
LS: [635.0958381445885]
MCD: [0.00045318065834484963]
Huber: [0.0005614315906138361]
Cauchy: [0.0005530600519881904]