cauchyModel_n = 500_nCycle = 100_outlier = 0.0_params = 0.25_0.5_1_1
LS: [0.0003422858159486113]
MCD: [0.0003422858159486098]
Huber: [0.00034534225482371665]
Cauchy: [0.0003439225821985685]