cauchyModel_n = 500_nCycle = 100_outlier = 0.05_params = 0.5_0.1_1_1
LS: [12.235868980450725]
MCD: [0.0005079318814511175]
Huber: [0.0005057352757475711]
Cauchy: [0.0005186505904665408]