cauchyModel_n = 500_nCycle = 100_outlier = 0.25_params = 0.5_0.1_1_1
LS: [2.4917525560761926]
MCD: [0.0005686269011977396]
Huber: [0.0009950478313805544]
Cauchy: [0.0008870985705021216]