cauchyModel_n = 500_nCycle = 100_outlier = 0.2_params = 0.1_0.25_1_1
LS: [4.867932124890404]
MCD: [0.0006822852483117557]
Huber: [0.0006938232886392254]
Cauchy: [0.000675516172220237]