cauchyModel_n = 500_nCycle = 100_outlier = 0.15000000000000002_params = 0.25_0.5_1_1
LS: [0.48812000339007255]
MCD: [0.0005636342984442229]
Huber: [0.0006968524128373164]
Cauchy: [0.0007019087553526911]