cauchyModel_n = 500_nCycle = 100_outlier = 0.0_params = 0.5_0.1_1_1
LS: [0.000336046059025953]
MCD: [0.00033604605902593995]
Huber: [0.000353310566105447]
Cauchy: [0.0003477867005293656]