cauchyModel_n = 500_nCycle = 100_outlier = 0.05_params = 0.1_0.25_1_1
LS: [199.11913107905409]
MCD: [0.0003248491159282463]
Huber: [0.00035331096411406]
Cauchy: [0.0003882481560459596]