cauchyModel_n = 500_nCycle = 100_outlier = 0.1_params = 0.25_0.5_1_1
LS: [0.16572850518732932]
MCD: [0.0004535119975581159]
Huber: [0.0005628945717248875]
Cauchy: [0.0005628099915206665]