cauchyModel_n = 500_nCycle = 100_outlier = 0.15000000000000002_params = 0.1_0.25_1_1
LS: [90.64213488403713]
MCD: [0.0005542910394641711]
Huber: [0.0006820821585632609]
Cauchy: [0.0006599556915038207]