cauchyModel_n = 500_nCycle = 100_outlier = 0.0_params = 0.1_0.25_1_1
LS: [0.0003445248518521098]
MCD: [0.0003445248518521219]
Huber: [0.00036140980085070317]
Cauchy: [0.0003613686208767793]