cauchyModel_n = 500_nCycle = 100_outlier = 0.2_params = 0.01_0.1_1_1
LS: [2.0498135302689526]
MCD: [0.000730069489779088]
Huber: [0.0005574852200416807]
Cauchy: [0.000590572322490209]