LS: [1.6781777966942526]
MCD: [0.0008723851897144497]
Huber: [0.0009053568972506652]
Cauchy: [0.0008933035772842573]