LS: [34.160250493907654]
MCD: [0.00046411963978658724]
Huber: [0.000538034667339547]
Cauchy: [0.000562138447061557]