LS: [44.75177955807216]
MCD: [0.0007036333076420801]
Huber: [0.000820105292784913]
Cauchy: [0.000796086815494975]