LS: [0.05132771726626643]
MCD: [0.000531021985271585]
Huber: [0.0007332687115459556]
Cauchy: [0.0007917985284867035]