LS: [6.764217626450165]
MCD: [0.000571862870424651]
Huber: [0.0005266753865879328]
Cauchy: [0.0005592772796658388]