exponent_Mod_n = 500_nCycle = 50_h = 252_params = 0.01_0.05_5.0_7.0
LS: [6.048721204732018]
MCD: [0.011388877313983829]
MCD_Modified: [1.721847525610039]
Huber: [3.6250393453917718]
Cauchy: [3.3186461508407414]