exponent_Mod_n = 500_nCycle = 50_h = 500_params = 0.01_0.05_5.0_7.0
LS: [6.172524357333908]
MCD: [6.172524357333913]
MCD_Modified: [6.172524357333913]
Huber: [3.6365332554997485]
Cauchy: [3.37043570191102]