exponent_Mod_n = 500_nCycle = 50_h = 252_params = 0.01_0.1_0.5_1
LS: [0.7851896604476201]
MCD: [0.043979539559648624]
MCD_Modified: [0.1980302779619487]
Huber: [0.5387995325094493]
Cauchy: [0.5297494825113396]