exponent_Mod_n = 500_nCycle = 50_h = 500_params = 0.01_0.1_0.5_1
LS: [0.7844112344747188]
MCD: [0.7844112344747203]
MCD_Modified: [0.7844112344747203]
Huber: [0.5542526347139481]
Cauchy: [0.5453824291365207]