exponent_Mod_n = 500_nCycle = 50_h = 300_params = 0.01_0.05_5.0_7.0
LS: [6.546315876180238]
MCD: [0.09293904139146303]
MCD_Modified: [2.1313755120720814]
Huber: [3.957017844050593]
Cauchy: [3.625132512236149]