exponent_Mod_n = 500_nCycle = 50_h = 450_params = 0.01_0.05_5.0_7.0
LS: [6.298432049285606]
MCD: [2.4196611937973733]
MCD_Modified: [3.932160162330327]
Huber: [3.7486980998108406]
Cauchy: [3.405735491902621]