exponent_Mod_n = 500_nCycle = 50_h = 400_params = 0.01_0.1_0.5_1
LS: [0.7678383011681241]
MCD: [0.15944942684783592]
MCD_Modified: [0.34380838767048133]
Huber: [0.5183399660526257]
Cauchy: [0.5082044547832862]