exponent_Mod_n = 500_nCycle = 50_h = 450_params = 0.01_0.1_0.5_1
LS: [0.7784474207558162]
MCD: [0.28214649189935875]
MCD_Modified: [0.4656641605828931]
Huber: [0.5228427821224995]
Cauchy: [0.5104620197551845]