exponent_Mod_n = 500_nCycle = 50_h = 400_params = 0.01_0.05_5.0_7.0
LS: [6.442481880803694]
MCD: [1.0414673051763723]
MCD_Modified: [2.9430469070811274]
Huber: [3.85305986042929]
Cauchy: [3.543268471971905]