exponent_Mod_n = 500_nCycle = 50_h = 300_params = 0.01_0.1_0.5_1
LS: [0.7655111169892388]
MCD: [0.06383672773577607]
MCD_Modified: [0.22162720623343005]
Huber: [0.5327047679717467]
Cauchy: [0.5222478868904946]