normal_Mod_n = 500_nCycle = 50_h = 252_params = 0.1_0.25_2_3
LS: [0.0684395701005753]
MCD: [0.041348690537816486]
MCD_Modified: [0.2300549399888008]
Huber: [0.05734666585045855]
Cauchy: [0.05666479718447331]