normal_Mod_n = 500_nCycle = 50_h = 400_params = 0.01_0.1_3_5
LS: [0.06894660325659915]
MCD: [0.09536386029935638]
MCD_Modified: [0.11215931984107627]
Huber: [0.04045421880126596]
Cauchy: [0.0397858282622799]