normal_Mod_n = 500_nCycle = 50_h = 400_params = 0.01_0.05_5.0_7.0
LS: [0.0988431735613856]
MCD: [0.0923835022932443]
MCD_Modified: [0.15997648712102017]
Huber: [0.04995472839445103]
Cauchy: [0.046953314170358966]