normal_Mod_n = 500_nCycle = 50_h = 300_params = 0.01_0.1_3_5
LS: [0.09520979818622134]
MCD: [0.024837806365819563]
MCD_Modified: [0.21058401842446442]
Huber: [0.06045007184871605]
Cauchy: [0.05985181372484135]