normal_Mod_n = 500_nCycle = 50_h = 252_params = 0.01_0.05_5.0_7.0
LS: [0.16240833990730363]
MCD: [0.005550741292929306]
MCD_Modified: [0.5314484503358812]
Huber: [0.0847448297946123]
Cauchy: [0.07849806738431414]