normal_Mod_n = 500_nCycle = 50_h = 300_params = 0.01_0.05_5.0_7.0
LS: [0.12419637513079618]
MCD: [0.02789229849594691]
MCD_Modified: [0.23731220835694597]
Huber: [0.05982667376693098]
Cauchy: [0.05571820603660539]