cauchyModel_n = 350_nCycle = 500_outlier = 0.1_params = 0.0_0.01_0.0_1.0
LS: [36.82624835727496]
MCD: [0.00075530353597384]
Huber: [0.000657514645460084]
Cauchy: [0.000651294273036522]