cauchyModel_n = 450_nCycle = 500_outlier = 0.1_params = 0.0_0.01_0.0_1.0
LS: [362.36241272039376]
MCD: [0.0005454595130360303]
Huber: [0.0004850647367883809]
Cauchy: [0.0004977846596501653]