cauchyModel_n = 400_nCycle = 500_outlier = 0.1_params = 0.0_0.01_0.0_1.0
LS: [2.555611064002411]
MCD: [0.0006424417910785257]
Huber: [0.0005788268775319945]
Cauchy: [0.0005878385056401953]