cauchyModel_n = 250_nCycle = 500_outlier = 0.1_params = 0.0_0.01_0.0_1.0
LS: [152.55418182305112]
MCD: [0.001043502381998321]
Huber: [0.0009385792445420664]
Cauchy: [0.0009151230184035709]