exponent_Mod_n = 500_nCycle = 50_h = 300_params = 0.01_0.05_5.0_7.0
LS: [6.3648304621216845]
MCD: [0.10000367173417343]
MCD_Modified: [1.1654728572295938]
Huber: [3.8040652092586758]
Cauchy: [3.4759680933638117]

6.36483	0.1	1.16547	3.80407	3.47597