exponent_Mod_n = 500_nCycle = 50_h = 450_params = 0.01_0.1_0.5_1
LS: [0.7589848670223291]
MCD: [0.27638382498015995]
MCD_Modified: [0.4479986567104517]
Huber: [0.5209088140819]
Cauchy: [0.5111408404269385]

0.75898	0.27638	0.448	0.52091	0.51114