exponent_Mod_n = 500_nCycle = 50_h = 300_params = 0.01_0.1_0.5_1
LS: [0.7574932942370993]
MCD: [0.06335926787555268]
MCD_Modified: [0.13834664868454788]
Huber: [0.505159236586831]
Cauchy: [0.4916435848512012]

0.75749	0.06336	0.13835	0.50516	0.49164