exponent_Mod_n = 500_nCycle = 50_h = 252_params = 0.01_0.05_5.0_7.0
LS: [6.200991475024102]
MCD: [0.013805357312421567]
MCD_Modified: [0.6975242059080999]
Huber: [3.5503291377884323]
Cauchy: [3.2054730999959924]

6.20099	0.01381	0.69752	3.55033	3.20547