exponent_Mod_n = 500_nCycle = 50_h = 252_params = 0.01_0.1_0.5_1
LS: [0.7731921704840289]
MCD: [0.04414134600071816]
MCD_Modified: [0.0902717120595961]
Huber: [0.5150547625485834]
Cauchy: [0.5079007530649999]

0.77319	0.04414	0.09027	0.51505	0.5079