exponent_Mod_n = 500_nCycle = 50_h = 450_params = 0.01_0.05_5.0_7.0
LS: [6.424189402966553]
MCD: [2.2957998181055346]
MCD_Modified: [3.779051439273039]
Huber: [3.727851895668842]
Cauchy: [3.415212361355842]

6.42419	2.2958	3.77905	3.72785	3.41521