exponent_Mod_n = 500_nCycle = 50_h = 500_params = 0.01_0.05_5.0_7.0
LS: [6.558582077967773]
MCD: [6.558582077967771]
MCD_Modified: [6.558582077967771]
Huber: [3.876194271276466]
Cauchy: [3.5079888989633603]

6.55858	6.55858	6.55858	3.87619	3.50799