exponent_Mod_n = 500_nCycle = 50_h = 400_params = 0.01_0.05_5.0_7.0
LS: [6.201277938361631]
MCD: [1.0146792323791276]
MCD_Modified: [2.656240804272502]
Huber: [3.793300444641009]
Cauchy: [3.5258791503139317]

6.20128	1.01468	2.65624	3.7933	3.52588