exponent_Mod_n = 500_nCycle = 50_h = 400_params = 0.01_0.1_0.5_1
LS: [0.7778398826733379]
MCD: [0.16026859615728983]
MCD_Modified: [0.3291378301136263]
Huber: [0.534950190362885]
Cauchy: [0.5227869523372536]

0.77784	0.16027	0.32914	0.53495	0.52279