exponentModel_n = 500_nCycle = 100_outlier = 0.05_params = 0.01_0.1_0.5_1
LS: [0.0030485183137825343]
MCD: [0.00045781176606588876]
Huber: [0.0005973960373970104]
Cauchy: [0.0005948365479589026]