exponentModel_n = 500_nCycle = 100_outlier = 0.0_params = 0.1_0.25_1_2
LS: [0.00027728770682962573]
MCD: [0.0002772877068296379]
Huber: [0.00028072707599814]
Cauchy: [0.00028066660255146044]