exponentModel_n = 500_nCycle = 100_outlier = 0.15000000000000002_params = 0.01_0.1_2_5
LS: [0.09899397059654075]
MCD: [0.0006089927424542029]
Huber: [0.0021979296782206064]
Cauchy: [0.001258010869792383]