exponentModel_n = 500_nCycle = 100_outlier = 0.1_params = 0.01_0.1_0.5_1
LS: [0.01047042695340105]
MCD: [0.00047575884295651097]
Huber: [0.0011460613317470975]
Cauchy: [0.0010734698506790563]