exponentModel_n = 500_nCycle = 100_outlier = 0.25_params = 0.1_0.25_1_2
LS: [0.10302336477852349]
MCD: [0.0008251937267102674]
Huber: [0.006665844389101191]
Cauchy: [0.004288045860173518]