exponentModel_n = 500_nCycle = 100_outlier = 0.0_params = 0.01_0.1_2_5
LS: [0.00031620504478960016]
MCD: [0.0003162050447895916]
Huber: [0.00031037360443434444]
Cauchy: [0.0003123380377427316]