exponentModel_n = 500_nCycle = 100_outlier = 0.0_params = 0.01_0.1_0.5_1
LS: [0.0002791332915089554]
MCD: [0.00027913329150894896]
Huber: [0.0002896031116776363]
Cauchy: [0.0002911783130899887]