exponentModel_n = 500_nCycle = 100_outlier = 0.25_params = 0.01_0.1_0.5_1
LS: [0.049762396589120454]
MCD: [0.0010882419573025786]
Huber: [0.007074542790889362]
Cauchy: [0.00556583894719624]