exponentModel_n = 500_nCycle = 100_outlier = 0.2_params = 0.01_0.1_2_5
LS: [0.16179485731893692]
MCD: [0.0006969212546970908]
Huber: [0.004652708425161034]
Cauchy: [0.002458785078106752]