LS: [16.841387553758228]
MCD: [0.0005155676379088677]
Huber: [0.0005871116405922168]
Cauchy: [0.0006060386309357165]