LS: [3442.897627752937]
MCD: [0.0005836856497318002]
Huber: [0.0007454079757035957]
Cauchy: [0.0007486346772028107]