normal_Mod_n = 500_nCycle = 50_h = 450_params = 0.01_0.5_5.0_7.0
LS: [0.08787726413816989]
MCD: [0.10624814335630979]
MCD_Modified: [0.10982578837515115]
Huber: [0.06862520918662386]
Cauchy: [0.06758938202086359]

0.08788	0.10625	0.10983	0.06863	0.06759