normal_Mod_n = 500_nCycle = 50_h = 500_params = 0.01_0.5_5.0_7.0
LS: [0.07802945185925057]
MCD: [0.07802945185925075]
MCD_Modified: [0.07802945185925075]
Huber: [0.06115107594465458]
Cauchy: [0.06031003581144216]

0.07803	0.07803	0.07803	0.06115	0.06031