normal_Mod_n = 500_nCycle = 50_h = 400_params = 0.01_0.1_3_5
LS: [0.061069750690042224]
MCD: [0.07515889156637622]
MCD_Modified: [0.099244402971051]
Huber: [0.04404591826806637]
Cauchy: [0.04475699367061401]

0.06107	0.07516	0.09924	0.04405	0.04476