normal_Mod_n = 500_nCycle = 50_h = 300_params = 0.01_0.1_3_5
LS: [0.0804318158801207]
MCD: [0.023121762669818895]
MCD_Modified: [0.04517390157488676]
Huber: [0.054293303552996025]
Cauchy: [0.05298428787432058]

0.08043	0.02312	0.04517	0.05429	0.05298