normal_Mod_n = 500_nCycle = 50_h = 400_params = 0.1_0.25_2_3
LS: [0.05696793416345914]
MCD: [0.040774050263914445]
MCD_Modified: [0.05494324404746073]
Huber: [0.04235681363940205]
Cauchy: [0.04138559975029464]

0.05697	0.04077	0.05494	0.04236	0.04139