normal_Mod_n = 500_nCycle = 50_h = 252_params = 0.01_0.5_5.0_7.0
LS: [0.14275929494025882]
MCD: [0.08006506358447904]
MCD_Modified: [0.11548368863319931]
Huber: [0.10835327465727385]
Cauchy: [0.10617699654070326]

0.14276	0.08007	0.11548	0.10835	0.10618