normal_Mod_n = 500_nCycle = 50_h = 300_params = 0.1_0.25_2_3
LS: [0.05471966220896794]
MCD: [0.047221535086779995]
MCD_Modified: [0.06527082962481111]
Huber: [0.04447556139388074]
Cauchy: [0.044160484684806586]

0.05472	0.04722	0.06527	0.04448	0.04416