normal_Mod_n = 500_nCycle = 50_h = 450_params = 0.01_0.1_3_5
LS: [0.04966543186340278]
MCD: [0.0504021744244968]
MCD_Modified: [0.05546367339827642]
Huber: [0.029651717842250652]
Cauchy: [0.02866311045659862]

0.04967	0.0504	0.05546	0.02965	0.02866