normal_Mod_n = 500_nCycle = 50_h = 500_params = 0.01_0.1_3_5
LS: [0.05106604445549991]
MCD: [0.051066044455499976]
MCD_Modified: [0.051066044455499976]
Huber: [0.02620922187027054]
Cauchy: [0.024310181085826027]

0.05107	0.05107	0.05107	0.02621	0.02431