normal_Mod_n = 500_nCycle = 50_h = 252_params = 0.1_0.25_2_3
LS: [0.09776745516407033]
MCD: [0.050343821190789804]
MCD_Modified: [0.05367673252392666]
Huber: [0.08149367574206984]
Cauchy: [0.08156822120947198]

0.09777	0.05034	0.05368	0.08149	0.08157