normal_Mod_n = 500_nCycle = 50_h = 450_params = 0.1_0.25_2_3
LS: [0.045560340099105937]
MCD: [0.04163796784174311]
MCD_Modified: [0.04478742903322986]
Huber: [0.03270678238425087]
Cauchy: [0.032130544745310796]

0.04556	0.04164	0.04479	0.03271	0.03213