normal_Mod_n = 500_nCycle = 50_h = 400_params = 0.01_0.5_5.0_7.0
LS: [0.10687684899054181]
MCD: [0.11194299274645333]
MCD_Modified: [0.1221350481253066]
Huber: [0.07324419428625188]
Cauchy: [0.0691363732758924]

0.10688	0.11194	0.12214	0.07324	0.06914