normal_Mod_n = 500_nCycle = 50_h = 300_params = 0.01_0.5_5.0_7.0
LS: [0.1312352844849086]
MCD: [0.07069204158436546]
MCD_Modified: [0.10401124654356066]
Huber: [0.0817244663452816]
Cauchy: [0.0782288196069473]

0.13124	0.07069	0.10401	0.08172	0.07823