cauchyModel_n = 350_nCycle = 500_outlier = 0.1_params = 0.0_0.25_0.0_1.0
LS: [8.341962766638709]
MCD: [0.0006522979501599295]
Huber: [0.0006869560033531982]
Cauchy: [0.0006860202530422814]