cauchyModel_n = 450_nCycle = 500_outlier = 0.1_params = 0.0_0.25_0.0_1.0
LS: [3.8254864391252306]
MCD: [0.0005500891422903808]
Huber: [0.00054612619614142]
Cauchy: [0.0005583135786314208]