cauchyModel_n = 250_nCycle = 500_outlier = 0.1_params = 0.0_0.25_0.0_1.0
LS: [119.89613461615502]
MCD: [0.0009372808980992302]
Huber: [0.001001563154279751]
Cauchy: [0.000968478599311277]