cauchyModel_n = 400_nCycle = 500_outlier = 0.1_params = 0.0_0.25_0.0_1.0
LS: [6.526572551069262]
MCD: [0.0005938120850834228]
Huber: [0.0006257325893530527]
Cauchy: [0.0006364718068587235]