cauchyModel_n = 300_nCycle = 500_outlier = 0.1_params = 0.0_0.25_0.0_1.0
LS: [3.732677323351858]
MCD: [0.0007948039100336951]
Huber: [0.0008420425279407042]
Cauchy: [0.000816779309316803]